tid,id,title,authors,venue,year
69611,conf/vldb/RusinkiewiczKTWM95,Towards a Cooperative Transaction Model - The Cooperative Activity Model,"M Rusinkiewicz, W Klas, T Tesch, J Wäsch, P Muth",VLDB,1995
69614,journals/sigmod/Liu02,Editor's Notes,L Liu,SIGMOD Record,2002
69615,journals/sigmod/Hammer02,Report on the ACM Fourth International Workshop on Data Warehousing and OLAP (DOLAP 2001),,,2002
69617,conf/vldb/SubietaKL95,Procedures in Object-Oriented Query Languages,"K Subieta, Y Kambayashi, J Leszczylowski",VLDB,1995
69623,journals/sigmod/Kosch02,MPEG-7 and Multimedia Database Systems,H Kosch,SIGMOD Record,2002
69633,conf/vldb/FlodinR95,Processing Object-Oriented Queries with Invertible Late Bound Functions,"S Flodin, T Risch",VLDB,1995
69635,conf/vldb/HvasshovdTBH95,"The ClustRa Telecom Database: High Availability, High Throughput, and Real-Time Response","S Hvasshovd, Ø Torbjørnsen, S Bratsberg, P Holager",VLDB,1995
69638,journals/sigmod/ErdurD02,A Multi-Agent System Infrastructure for Software Component Market-Place: An Ontological Perspective,"R Erdur, O Dikenelli",SIGMOD Record,2002
69640,journals/sigmod/CiliaB02,An Active Functionality Service for E-Business Applications,"M Cilia, A Buchmann",SIGMOD Record,2002
69643,conf/vldb/Wang95,DB2 Query Parallelism: Staging and Implementation,Y Wang,VLDB,1995
69647,conf/vldb/DidriksenGD95,Database De-Centralization - A Practical Approach,"T Didriksen, C Galindo-Legaria, E Dahle",VLDB,1995
69650,conf/vldb/HoelS95,Benchmarking Spatial Join Operations with Spatial Output,"E Hoel, H Samet",VLDB,1995
69651,journals/sigmod/SlivinskasJS02,Bringing Order to Query Optimization,"G Slivinskas, C Jensen, R Snodgrass",SIGMOD Record,2002
69654,conf/vldb/LeslieJBY95,Efficient Search of Multi-Dimensional B-Trees,"H Leslie, R Jain, D Birdsall, H Yaghmai",VLDB,1995
69659,journals/sigmod/Wiegand02,Investigating XQuery for Querying Across Database Object Types,N Wiegand,SIGMOD Record,2002
69660,conf/vldb/KonopnickiS95,W3QS: A Query System for the World-Wide Web,"D Konopnicki, O Shmueli",VLDB,1995
69663,journals/sigmod/Ozsu02,Chair's Message,,,2002
69664,conf/vldb/Korth95,The Double Life of the Transaction Abstraction: Fundamental Principle and Evolving System Concept,H Korth,VLDB,1995
69666,conf/vldb/ReuterCGSW95,Databases and Workflow Management: What is it All About? (Panel),"A Reuter, S Ceri, J Gray, B Salzberg, G Weikum",VLDB,1995
69669,conf/vldb/BestavrosB95,Value-cognizant Speculative Concurrency Control,"A Bestavros, S Braoudakis",VLDB,1995
69671,journals/sigmod/BerzalM02,Data Mining: Concepts and Techniques - Book Review,"F Galiano, N Marín",SIGMOD Record,2002
69672,conf/vldb/WuYCT95,A Performance Study of Workfile Disk Management for Concurrent Mergesorts in a Multiprocessor Database System,"K Wu, P Yu, J Chung, J Teng",VLDB,1995
69677,journals/sigmod/YaoG02,The Cougar Approach to In-Network Query Processing in Sensor Networks,"Y Yao, J Gehrke",SIGMOD Record,2002
69686,conf/vldb/BrownCC94,Fast Incremental Indexing for Full-Text Information Retrieval,"E Brown, J Callan, W Croft",VLDB,1994
69690,conf/vldb/OuzzaniAB94,A Top-Down Approach for Two Level Serializability,"M Ouzzani, M Atroun, N Belkhodja",VLDB,1994
69691,conf/vldb/FrohnLU94,Access to Objects by Path Expressions and Rules,"J Frohn, G Lausen, H Uphoff",VLDB,1994
69695,journals/sigmod/CrestaniG02,Report on the 24th European Colloquium on Information Retrieval Research,,,2002
69696,conf/vldb/GutierrezPST94,Database Graph Views: A Practical Model to Manage Persistent Graphs,"A Gutiérrez, P Pucheral, H Steffen, J Thévenin",VLDB,1994
69699,journals/sigmod/Winslett02b,Hector Garcia-Molina Speaks Out,M Winslett,,2002
69700,conf/vldb/JohnsonS94,2Q: A Low Overhead High Performance Buffer Management Replacement Algorithm,"T Johnson, D Shasha",VLDB,1994
69702,journals/sigmod/LightstoneLZ02,Toward Autonomic Computing with DB2 Universal Database,"S Lightstone, G Lohman, D Zilio",SIGMOD Record,2002
69705,journals/sigmod/FrankNS02,Report on the Semantic Web Workshop at WWW 2002,,,2002
69706,conf/vldb/AgrawalS94,Fast Algorithms for Mining Association Rules in Large Databases,"R Agrawal, R Srikant",VLDB,1994
69708,conf/vldb/HaberIL95,OPOSSUM: Desk-Top Schema Management through Customizable Visualization,"E Haber, Y Ioannidis, M Livny",VLDB,1995
69709,journals/sigmod/GobleR02a,The Grid: An Application of the Semantic Web,"C Goble, D Roure",SIGMOD Record,2002
69713,journals/sigmod/Wu02,Small Worlds: the Dynamics of Networks between Order and Randomness - Book Review,,,2002
69719,conf/vldb/RamakrishnanGRSWZ95,Scientific Journals: Extinction or Explosion? (Panel),"R Ramakrishnan, H Garcia-Molina, G Rossbach, A Silberschatz, G Wiederhold, J Zijlstra",VLDB,1995
69720,journals/sigmod/ButtlerCCFHLPRX02,Querying Multiple Bioinformatics Data Sources: Can Semantic Web Research Help?,"D Buttler, M Coleman, T Critchlow, R Fileto, W Han, L Liu, C Pu, D Rocco, L Xiong",SIGMOD Record,2002
69726,conf/vldb/SeligmanBNSW95,Metrics for Accessing Heterogeneous Data: Is There Any Hope? (Panel),"L Seligman, N Belkin, E Neuhold, M Stonebraker, G Wiederhold",VLDB,1995
69728,journals/sigmod/Aberer02b,Book Review Column,K Aberer,SIGMOD Record,2002
69730,conf/vldb/SimonD95,Promises and Realities of Active Database Systems,"E Simon, A Dittrich",VLDB,1995
69731,conf/vldb/CatozziR95,OS Support for VLDBs: Unix Enhancements for the Teradata Data Base,"J Catozzi, S Rabinovici",VLDB,1995
69733,journals/sigmod/Grohe02,Parameterized Complexity for the Database Theorist,M Grohe,SIGMOD Record,2002
69736,conf/vldb/Hallmark95,The Oracle Warehouse,G Hallmark,VLDB,1995
69738,journals/sigmod/BoucelmaCGJLL02,Report on the EDBT'02 Panel on Scientific Data Integration,,,2002
69739,conf/vldb/AmielBDS94,Supporting Exceptions to Schema Consistency to Ease Schema Evolution in OODBMS,"E Amiel, M Bellosta, E Dujardin, E Simon",VLDB,1994
69740,journals/sigmod/HanBP01,Wrapping Web Data into XML,"W Han, D Buttler, C Pu",SIGMOD Record,2001
69742,conf/vldb/ColletCS94,NAOS - Efficient and Modular Reactive Capabilities in an Object-Oriented Database System,"C Collet, T Coupaye, T Svensen",VLDB,1994
69745,journals/sigmod/SchmidtWKFCMB01,Why And How To Benchmark XML Databases,"A Schmidt, F Waas, M Kersten, D Florescu, M Carey, I Manolescu, R Busse",SIGMOD Record,2001
69746,conf/vldb/LevyMS94,Query Optimization by Predicate Move-Around,"A Levy, I Mumick, Y Sagiv",VLDB,1994
69749,journals/sigmod/TanakaV01,The Ecobase Project: Database and Web Technologies for Environmental Information Systems,"A Tanaka, P Valduriez",SIGMOD Record,2001
69752,journals/sigmod/ChienTZ01,XML Document Versioning,"S Chien, V Tsotras, C Zaniolo",SIGMOD Record,2001
69759,journals/sigmod/Winslett01,"Jeffrey D. Ullman Speaks Out on the Future of Higher Education, Startups, Database Theory, and More",,,2001
69763,journals/sigmod/BunemanFSW01,Constraints for Semi-structured Data and XML,"P Buneman, W Fan, J Siméon, S Weinstein",SIGMOD Record,2001
69766,conf/vldb/SreenathS94,The hcC-tree: An Efficient Index Structure for Object Oriented Databases,"B Sreenath, S Seshadri",VLDB,1994
69772,conf/vldb/MuntzR94,A Requirement-Based Approach to Data Modeling and Re-Engineering,"A Muntz, C Ramiller",VLDB,1994
69773,journals/sigmod/MeltonE01,SQL Multimedia and Application Packages (SQL/MM),"J Melton, A Eisenberg",SIGMOD Record,2001
69782,journals/sigmod/ShethMKA01,Research in Multi-Organizational Processes and Semantic Information Brokering at the LSDIS Lab,"A Sheth, J Miller, K Kochut, I Arpinar",SIGMOD Record,2001
69785,conf/vldb/ShatdalKN94,Cache Conscious Algorithms for Relational Query Processing,"A Shatdal, C Kant, J Naughton",VLDB,1994
69786,journals/sigmod/Labrinidis01,Introduction to the Career Forum Column,A Labrinidis,SIGMOD Record,2001
69789,journals/sigmod/Huyn01,Data Analysis and Mining in the Life Sciences,N Huyn,SIGMOD Record,2001
69791,conf/vldb/CochinwalaB94,A Multidatabase System for Tracking and Retrieval of Financial Data,"M Cochinwala, J Bradley",VLDB,1994
69795,conf/vldb/IyerW94,Data Compression Support in Databases,"B Iyer, D Wilhite",VLDB,1994
69798,conf/vldb/AnandBH94,An Empirical Performance Study of the Ingres Search Accelerator for a Large Property Management Database System,"S Anand, D Bell, J Hughes",VLDB,1994
69803,conf/vldb/Bernstein94,PC Database Systems - Present and Future,P Bernstein,VLDB,1994
69805,journals/sigmod/StolfoLCFE01,Data Mining-based Intrusion Detectors: An Overview of the Columbia IDS Project,"S Stolfo, W Lee, P Chan, W Fan, E Eskin",SIGMOD Record,2001
69809,journals/sigmod/CabreraLM01,Detection and Classification of Intrusions and Faults using Sequences of System Calls,"J Cabrera, L Lewis, R Mehra",SIGMOD Record,2001
69810,conf/sigmod/WangJLY03,Containment Join Size Estimation: Models and Methods,"W Wang, H Jiang, H Lu, J Yu",SIGMOD Conference,2003
69811,conf/vldb/MartinC94,Relating Distributed Objects,"B Martin, R Cattell",VLDB,1994
69816,conf/vldb/Spaccapietra94,"\User Interfaces; Who Cares?\""""",S Spaccapietra,VLDB,1994
69820,conf/sigmod/FaginKS03,Efficient similarity search and classification via rank aggregation,"R Fagin, R Kumar, D Sivakumar",SIGMOD Conference,2003
69824,journals/sigmod/VelACM01,Mining Email Content for Author Identification Forensics,"O Vel, A Anderson, M Corney, G Mohay",SIGMOD Record,2001
69829,journals/sigmod/Winslett01a,"Gio Wiederhold Speaks Out on Moving into Academia in Mid-Career, How to Be an Effective Consultant, Why You Should Be a Program Manager as a Funding Agency, the Need for Ontology Algebra and Simulations, and More",,,2001
69830,conf/sigmod/BabcockBDM03,Chain : Operator Scheduling for Memory Minimization in Data Stream Systems,"B Babcock, S Babu, M Datar, R Motwani",SIGMOD Conference,2003
69837,journals/sigmod/Dogac02,Guest Editor's Introduction,,,2002
69846,journals/sigmod/CuiJO02,Semantic B2B Integration: Issues in Ontology-based Applications,"Z Cui, D Jones, P O'Brien",SIGMOD Record,2002
69847,conf/vldb/LitwinNS94,RP*: A Family of Order Preserving Scalable Distributed Data Structures,"W Litwin, M Neimat, D Schneider",VLDB,1994
69848,journals/sigmod/Bussler02,The Role of B2B Engines in B2B Integration Architectures,C Bussler,SIGMOD Record,2002
69852,conf/vldb/SistlaYH94,Reasoning About Spatial Relationships in Picture Retrieval Systems,"A Sistla, C Yu, R Haddad",VLDB,1994
69853,journals/sigmod/Grefen02,What Will Be - Book Review,,,2002
69857,conf/vldb/PirotteZMY94,Materialization: A Powerful and Ubiquitous Abstraction Pattern,"A Pirotte, E Zimányi, D Massart, T Yakusheva",VLDB,1994
69859,journals/sigmod/GobleR02,Report on the 18th British National Conference on Databases (BNCOD),,,2002
69861,journals/sigmod/RossKMV02,Reminiscences on Influential Papers,,,2002
69864,journals/sigmod/Elderini02,Letter to SIGMOD Record Editor,N Elderini,,2002
69866,journals/sigmod/Snodgrass02,Why I Like Working in Academia,R Snodgrass,SIGMOD Record,2002
69875,conf/sigmod/WangPFY03,ViST: A Dynamic Index Method for Querying XML Data by Tree Structures,"H Wang, S Park, W Fan, P Yu",SIGMOD Conference,2003
69882,conf/sigmod/SchleimerWA03,Winnowing: Local Algorithms for Document Fingerprinting,"S Schleimer, D Wilkerson, A Aiken",SIGMOD Conference,2003
69883,conf/sigmod/JohnsonD03,Data Quality and Data Cleaning: An Overview,"T Johnson, T Dasu",SIGMOD Conference,2003
69884,journals/sigmod/Jagadish00,ACM-SIGMOD Digital Review,H Jagadish,SIGMOD Record,2000
69889,journals/sigmod/PaepckeGRC00,Beyond Document Similarity: Understanding Value-Based Search and Browsing Technologies,"A Paepcke, H Garcia-Molina, G Rodríguez-Mulà, J Cho",SIGMOD Record,2000
69890,conf/sigmod/AbadiCCCCEGHMRSSTXYZ03,Aurora: A Data Stream Management System,"D Abadi, D Carney, U Çetintemel, M Cherniack, C Convey, C Erwin, E Galvez, M Hatoun, A Maskey, A Rasin, A Singer, M Stonebraker, N Tatbul, Y Xing, R Yan, S Zdonik",SIGMOD Conference,2003
69892,journals/sigmod/BonifatiC00,Comparative Analysis of Five XML Query Languages,"A Bonifati, S Ceri",SIGMOD Record,2000
69896,conf/sigmod/Mamoulis03,Efficient Processing of Joins on Set-valued Attributes,N Mamoulis,SIGMOD Conference,2003
69898,conf/sigmod/JagatheesanR03,Data Grid Management Systems,"A Jagatheesan, A Rajasekar",SIGMOD Conference,2003
69899,conf/sigmod/ChengKP03,Evaluating Probabilistic Queries over Imprecise Data,"R Cheng, D Kalashnikov, S Prabhakar",SIGMOD Conference,2003
69903,journals/sigmod/Palpanas00,Knowledge Discovery in Data Warehouses,T Palpanas,SIGMOD Record,2000
69904,conf/sigmod/AbiteboulBCMM03,Dynamic XML documents with distribution and replication,"S Abiteboul, A Bonifati, G Cobena, I Manolescu, T Milo",SIGMOD Conference,2003
69906,conf/sigmod/BabcockCD03,Dynamic Sample Selection for Approximate Query Processing,"B Babcock, S Chaudhuri, G Das",SIGMOD Conference,2003
69912,journals/sigmod/ClementiniF00,Spatial Operators,"E Clementini, P Felice",SIGMOD Record,2000
69916,journals/sigmod/WuY00,Report on Second International Workshop on Advanced Issues of E-Commerce and Web-based Information Systems,,,2000
69919,conf/sigmod/ReissK03,A Characterization of the Sensitivity of Query Optimization to Storage Access Cost Parameters,"F Reiss, T Kanungo",SIGMOD Conference,2003
69922,journals/sigmod/LudwigG00,Report in ISDO '00: The CAiSE*00 Workshop on Infrastructures for Dynamic Business-to-Business Service Outsourcinga,,,2000
69924,conf/sigmod/DeshpandeNGS03,Cache-and-Query for Wide Area Sensor Databases,"A Deshpande, S Nath, P Gibbons, S Seshan",SIGMOD Conference,2003
69927,conf/sigmod/PapadiasTFS03,An Optimal and Progressive Algorithm for Skyline Queries,"D Papadias, Y Tao, G Fu, B Seeger",SIGMOD Conference,2003
69930,conf/sigmod/CuiOTS03,Contorting High Dimensional Data for Efficient Main Memory Processing,"B Cui, B Ooi, J Su, K Tan",SIGMOD Conference,2003
69931,journals/sigmod/Snodgrass00a,Chair's Message,,,2000
69933,journals/sigmod/LeeC00,Comparative Analysis of Six XML Schema Languages,"D Lee, W Chu",SIGMOD Record,2000
69935,journals/sigmod/Hammer00,Treasurer's Message,,,2000
69938,conf/sigmod/Shivakumar03,Google in a Box - Building the Google Search Appliance,N Shivakumar,SIGMOD Conference,2003
69940,journals/sigmod/Franklin00a,Editor's Notes,M Franklin,SIGMOD Record,2000
69947,journals/sigmod/Halevy00,Theory of Answering Queries Using Views,A Halevy,SIGMOD Record,2000
69950,conf/sigmod/Aggarwal03,A Framework for Change Diagnosis of Data Streams,C Aggarwal,SIGMOD Conference,2003
69951,conf/sigmod/ChaudhuriKN03,On Relational Support for XML Publishing: Beyond Sorting and Tagging,"S Chaudhuri, R Kaushik, J Naughton",SIGMOD Conference,2003
69952,journals/sigmod/Jhingran00,Moving up the food chain: Supporting E-Commerce Applications on Databases,A Jhingran,SIGMOD Record,2000
69953,journals/sigmod/RossIJP00,Reminiscences on Influential Papers,,,2000
69959,conf/sigmod/Bosworth03,The Future of Web Services - I,A Bosworth,SIGMOD Conference,2003
69961,conf/sigmod/Cabrera03,The Future of Web services - II,F Cabrera,SIGMOD Conference,2003
69965,journals/sigmod/YuenCLL00,Cache Invalidation Scheme for Mobile Computing Systems with Real-time Data,"J Yuen, E Chan, K Lam, H Leung",SIGMOD Record,2000
69967,conf/sigmod/KementsietsidisAM03,Mapping Data in Peer-to-Peer Systems: Semantics and Algorithmic Issues,"A Kementsietsidis, M Arenas, R Miller",SIGMOD Conference,2003
69969,conf/sigmod/StoltePAG03,Scientific Data Repositories: Designing for a Moving Target,"E Stolte, C Praun, G Alonso, T Gross",SIGMOD Conference,2003
69970,journals/sigmod/Snodgrass00b,Chair's Message,,,2000
69972,journals/sigmod/CarmelMS01,XML and Information Retrieval: a SIGIR 2000 Workshop,,,2001
69978,conf/sigmod/MaddenFHH03,The Design of an Acquisitional Query Processor For Sensor Networks,"S Madden, M Franklin, J Hellerstein, W Hong",SIGMOD Conference,2003
69981,conf/sigmod/QunLO03,D(k)-Index: An Adaptive Structural Summary for Graph-Structured Data,"C Qun, A Lim, K Ong",SIGMOD Conference,2003
69982,journals/sigmod/FengJH01,Towards Knowledge-Based Digital Libraries,"L Feng, M Jeusfeld, J Hoppenbrouwers",SIGMOD Record,2001
69993,conf/sigmod/CohenM03,Spectral Bloom Filters,"S Cohen, Y Matias",SIGMOD Conference,2003
69999,conf/sigmod/KaushikBNK02,Covering indexes for branching path queries,"R Kaushik, P Bohannon, J Naughton, H Korth",SIGMOD Conference,2002
70002,journals/sigmod/BichlerSZ98,Component-based E-Commerce: Assesment of Current Practices and Future Directions,"M Bichler, A Segev, J Zhao",SIGMOD Record,1998
70005,conf/sigmod/ZadorozhnyRVUB02,Efficient evaluation of queries in a mediator for WebSources,"V Zadorozhny, L Raschid, M Vidal, T Urhan, L Bright",SIGMOD Conference,2002
70007,journals/sigmod/Ritter98,The Middleware Muddle,D Ritter,SIGMOD Record,1998
70010,conf/sigmod/MaddenSHR02,Continuously adaptive continuous queries over streams,"S Madden, M Shah, J Hellerstein, V Raman",SIGMOD Conference,2002
70012,journals/sigmod/BollKB98,Design and Implementation of RMP - A Virtual Electronic Market Place,"S Boll, W Klas, B Battaglin",SIGMOD Record,1998
70015,conf/sigmod/BunemanKTT02,Archiving scientific data,"P Buneman, S Khanna, K Tajima, W Tan",SIGMOD Conference,2002
70016,journals/sigmod/JenningsNF98,ADEPT: An Agent-Based Approach to Business Process Management,"N Jennings, T Norman, P Faratin",SIGMOD Record,1998
70018,journals/sigmod/DogacDATKCD98,A Workflow-based Electronic Marketplace on the Web,"A Dogac, I Durusoy, S Arpinar, N Tatbul, P Koksal, I Cingil, N Dimililer",SIGMOD Record,1998
70028,journals/sigmod/ShethBS99,VideoAnywhere: A System for Searching and Managing Distributed Video Assets,"A Sheth, C Bertram, K Shah",SIGMOD Record,1999
70032,journals/sigmod/NascimentoM99,Report on the 13th Brazilian Symposium on Database Systems (SBBD'98),,,1999
70036,journals/sigmod/Franklin98b,Editor's Notes,M Franklin,SIGMOD Record,1998
70039,journals/sigmod/CareyS99,NSF Workshop on Industrial/Academic Cooperation in Database Systems,,,1999
70040,conf/sigmod/DeshpandeNGS03a,IrisNet: Internet-scale Resource-Intensive Sensor Services,"A Deshpande, S Nath, P Gibbons, S Seshan",SIGMOD Conference,2003
70041,journals/sigmod/EisenbergM99,"SQL: 1999, formerly known as SQL 3","A Eisenberg, J Melton",SIGMOD Record,1999
70047,journals/sigmod/Hanson99,Statement from the Treasurer,E Hanson,SIGMOD Record,1999
70048,conf/sigmod/LarsonG03,Transparent Mid-Tier Database Caching in SQL Server,"P Larson, J Goldstein, J Zhou",SIGMOD Conference,2003
70049,journals/sigmod/OukselS99,Semantic Interoperability in Global Information Systems: A Brief Introduction to the Research Area and the Special Section,"A Ouksel, A Sheth",SIGMOD Record,1999
70051,conf/sigmod/OoiTZGLLLNSWZ03,PeerDB: Peering into Personal Databases,"B Ooi, K Tan, A Zhou, C Goh, Y Li, C Liau, B Ling, W Ng, Y Shu, X Wang, M Zhang",SIGMOD Conference,2003
70052,journals/sigmod/BergamaschiCV99,Semantic Integration of Semistructured and Structured Data Sources,"S Bergamaschi, S Castano, M Vincini",SIGMOD Record,1999
70057,conf/sigmod/LakshmananPZ03a,SOCQET: Semantic OLAP with Compressed Cube and Summarization,"L Lakshmanan, J Pei, Y Zhao",SIGMOD Conference,2003
70058,journals/sigmod/Hampapur99,Semantic Video Indexing: Approach and Issue,A Hampapur,SIGMOD Record,1999
70062,journals/sigmod/PapazoglouH99,Contextualizing the Information Space in Federated Digital Libraries,"M Papazoglou, J Hoppenbrouwers",SIGMOD Record,1999
70064,conf/sigmod/ViglasN02,Rate-based query optimization for streaming information sources,"S Viglas, J Naughton",SIGMOD Conference,2002
70065,conf/sigmod/2002,"Proceedings of the 2002 ACM SIGMOD International Conference on Management of Data, Madison, Wisconsin, June 3-6, 2002",,,2002
70071,journals/sigmod/Snodgrass99,Chair's Message,,,1999
70073,journals/sigmod/Kim99,"Message from Editor-in-Chief, ACM Transactions on Database Systems",W Kim,,1999
70074,conf/sigmod/HellersteinW02,Data streams: fresh current or stagnant backwater? (panel),"J Hellerstein, J Widom",SIGMOD Conference,2002
70075,journals/sigmod/GruenwaldBDGSSV99,Database Research at the University of Oklahoma,"L Gruenwald, L Brown, R Dirckze, S Guinepain, C Sánchez, B Summers, S Vanichayobon",SIGMOD Record,1999
70079,conf/sigmod/AgrawalCD02,DBXplorer: enabling keyword search over relational databases,"S Agrawal, S Chaudhuri, G Das",SIGMOD Conference,2002
70080,journals/sigmod/Snodgrass99a,Chair's Message,,,1999
70083,conf/sigmod/KarbhariRXD02,ACDN: a content delivery network for applications,"P Karbhari, M Rabinovich, Z Xiao, F Douglis",SIGMOD Conference,2002
70084,journals/sigmod/YauLMS99,On Multi-Resolution Document Transmission in Mobile Web,"S Yau, H Leong, D McLeod, A Si",SIGMOD Record,1999
70088,journals/sigmod/Franklin99,Editor's Notes,M Franklin,SIGMOD Record,1999
70091,conf/sigmod/DogacTPPLKTK02,An ebXML infrastructure implementation through UDDI registries and RosettaNet PIPs,"A Dogac, Y Tambag, P Pembecioglu, S Pektas, G Laleci, G Kurt, S Toprak, Y Kabak",SIGMOD Conference,2002
70095,conf/sigmod/Weininger02,Efficient execution of joins in a star schema,A Weininger,SIGMOD Conference,2002
70098,conf/sigmod/RaoZML02,Automating physical database design in a parallel database,"J Rao, C Zhang, N Megiddo, G Lohman",SIGMOD Conference,2002
70099,journals/sigmod/BoulosO99,Cost Estimation of User-Defined Methods in Object-Relational Database Systems,"J Boulos, K Ono",SIGMOD Record,1999
70104,conf/sigmod/ChaudhuriGN02,Compressing SQL workloads,"S Chaudhuri, A Gupta, V Narasayya",SIGMOD Conference,2002
70110,journals/sigmod/HansonN99,Timer-Driven Database Triggers and Alerters: Semantics and a Challenge,"E Hanson, L Noronha",SIGMOD Record,1999
70114,journals/sigmod/Libkin99a,Database Principles Column - Introduction,L Libkin,SIGMOD Record,1999
70118,journals/sigmod/RossCGJBV99,Reminiscences on Influential Papers,,,1999
70119,conf/sigmod/VriesMNK02,Efficient k-NN search on vertically decomposed data,"A Vries, N Mamoulis, N Nes, M Kersten",SIGMOD Conference,2002
70122,journals/sigmod/EisenbergM99a,SQLJ-Part 1: SQL Routines Using the Java Programming Language,"A Eisenberg, J Melton",SIGMOD Record,1999
70124,journals/sigmod/McHughW97,Integrating Dynamically-Fetched External Information into a DBMS for Semistructured Data,"J McHugh, J Widom",SIGMOD Record,1997
70128,journals/sigmod/BaaderJN97,Intelligent Access to Heterogeneous Information Sources: Report on the 4th Workshop on Knowledge Representation Meets Databases,,,1997
70131,journals/sigmod/Snodgrass97a,Chair's Message,,,1997
70137,conf/sigmod/PapakonstantinouPV02,QURSED: querying and reporting semistructured data,"Y Papakonstantinou, M Petropoulos, V Vassalos",SIGMOD Conference,2002
70142,conf/sigmod/GillmannWW02,Workflow management with service quality guarantees,"M Gillmann, G Weikum, W Wonner",SIGMOD Conference,2002
70144,journals/sigmod/Franklin97a,Editor's Notes,M Franklin,SIGMOD Record,1997
70147,conf/sigmod/TaoP02,Time-parameterized queries in spatio-temporal databases,"Y Tao, D Papadias",SIGMOD Conference,2002
70148,journals/sigmod/ConradEHRSSSV97,Research Issues in Federated Database Systems: Report of EFDBS '97 Workshop,,,1997
70155,journals/sigmod/Snodgrass97,Chair's Message,,,1997
70159,journals/sigmod/ClementLGMK97,OGDI: Toward Interoperability among Geospatial Databases,"G Clement, C Larouche, D Gouin, P Morin, H Kucera",SIGMOD Record,1997
70163,conf/sigmod/KanthRA02,Quadtree and R-tree indexes in oracle spatial: a comparison using GIS data,"K Kanth, S Ravada, D Abugov",SIGMOD Conference,2002
70166,conf/sigmod/SzalayGTKMRSv02,The SDSS skyserver: public access to the sloan digital sky server data,"A Szalay, J Gray, A Thakar, P Kunszt, T Malik, J Raddick, C Stoughton, J vandenBerg",SIGMOD Conference,2002
70168,journals/sigmod/JukicV97,Asserting Beliefs in MLS Relational Models,"N Jukic, S Vrbsky",SIGMOD Record,1997
70171,conf/sigmod/AntonJLPZZ02,Web caching for database applications with Oracle Web Cache,"J Anton, L Jacobs, X Liu, J Parker, Z Zeng, T Zhong",SIGMOD Conference,2002
70172,journals/sigmod/Fong97,Converting Relational to Object-Oriented Databases,J Fong,SIGMOD Record,1997
70174,conf/sigmod/LuoKMPWLN02,Middle-tier database caching for e-business,"Q Luo, S Krishnamurthy, C Mohan, H Pirahesh, H Woo, B Lindsay, J Naughton",SIGMOD Conference,2002
70176,journals/sigmod/ChaudhuriD97,An Overview of Data Warehousing and OLAP Technology,"S Chaudhuri, U Dayal",SIGMOD Record,1997
70177,conf/sigmod/ZhangMCMR02,Rainbow: mapping-driven XQuery processing system,"X Zhang, M Mulchandani, S Christ, B Murphy, E Rundensteiner",SIGMOD Conference,2002
70178,journals/sigmod/Franklin97,Editor's Notes,,,1997
70179,conf/sigmod/TheobaldW02,The XXL search engine: ranked retrieval of XML data using indexes and ontologies,"A Theobald, G Weikum",SIGMOD Conference,2002
70181,journals/sigmod/Konig-RiesL97,"Research in Databases and Data-Intensive Applications - Computer Science Department and FZI, University of Karlsruhe","B König-Ries, P Lockemann",SIGMOD Record,1997
70184,journals/sigmod/FrewD97,Data Management for Earth System Science,"J Frew, J Dozier",SIGMOD Record,1997
70185,conf/sigmod/ChenRW02,XCache: a semantic caching system for XML queries,"L Chen, E Rundensteiner, S Wang",SIGMOD Conference,2002
70190,journals/sigmod/Snodgrass98b,Chair's Message,,,1998
70196,conf/sigmod/Bussler02,Software as a service: ASP and ASP aggregation,,,2002
70197,conf/sigmod/Mohan02,Tutorial: application servers and associated technologies,,,2002
70200,conf/sigmod/GarofalakisGR02,Querying and mining data streams: you only get one look a tutorial,,,2002
70204,journals/sigmod/TsotrasJS98,An Extensible Notation for Spatiotemporal Index Queries,"V Tsotras, C Jensen, R Snodgrass",SIGMOD Record,1998
70207,conf/sigmod/ChaudhuriDN01,"A Robust, Optimization-Based Approach for Approximate Answering of Aggregate Queries","S Chaudhuri, G Das, V Narasayya",SIGMOD Conference,2001
70208,journals/sigmod/Franklin98,Editor's Notes,M Franklin,SIGMOD Record,1998
70209,conf/sigmod/SlivinskasJS01,Adaptable Query Optimization and Evaluation in Temporal Middleware,"G Slivinskas, C Jensen, R Snodgrass",SIGMOD Conference,2001
70212,conf/sigmod/BohmBKK01,Epsilon Grid Order: An Algorithm for the Similarity Join on Massive High-Dimensional Data,"C Böhm, B Braunmüller, F Krebs, H Kriegel",SIGMOD Conference,2001
70216,journals/sigmod/SnodgrassGIMSU98,Reminiscences on Influential Papers,,,1998
70219,journals/sigmod/GatziuKBF98,Unbundling Active Functionality,"S Gatziu, A Koschel, G Bültzingsloewen, H Fritschi",SIGMOD Record,1998
70220,conf/sigmod/LeeWMS01,Dynamic Buffer Allocation in Video-on-Demand Systems,"S Lee, K Whang, Y Moon, I Song",SIGMOD Conference,2001
70221,conf/sigmod/HanPLJ01,DNA-Miner: A System Prototype for Mining DNA Sequences,"J Han, H Jamil, Y Lu, L Chen, Y Liao, J Pei",SIGMOD Conference,2001
70222,journals/sigmod/KuokFW98,Mining Fuzzy Association Rules in Databases,"C Kuok, A Fu, M Wong",SIGMOD Record,1998
70223,conf/sigmod/DattaDRTV01,Dynamic Content Acceleration: A Caching Solution to Enable Scalable Dynamic Web Page Generation,"A Datta, K Dutta, K Ramamritham, H Thomas, D VanderMeer",SIGMOD Conference,2001
70224,journals/sigmod/Seshadri98,Predator: A Resource for Database Research,P Seshadri,SIGMOD Record,1998
70228,conf/sigmod/FernandezMS01,Efficient Evaluation of XML Middle-ware Queries,"M Fernandez, A Morishima, D Suciu",SIGMOD Conference,2001
70230,journals/sigmod/MusickM98,Report on the Second IEEE Metadata Conference (Metadata '97),,,1998
70232,journals/sigmod/Snodgrass98,Chair's Message,,,1998
70235,journals/sigmod/Han98,Towards On-Line Analytical Mining in Large Databases,J Han,SIGMOD Record,1998
70237,conf/sigmod/Maguire01,Catalog Management in Websphere Commerce Suite,T Maguire,SIGMOD Conference,2001
70240,conf/sigmod/BorkarDS01,Automatic Segmentation of Text into Structured Records,"V Borkar, K Deshmukh, S Sarawagi",SIGMOD Conference,2001
70245,journals/sigmod/Manola98,Towards a Richer Web Object Model,F Manola,SIGMOD Record,1998
70248,conf/sigmod/GodfreyGXZ01,Exploiting Constraint-Like Data Characterizations in Query Optimization,"P Godfrey, J Gryz, C Zuzarte",SIGMOD Conference,2001
70251,conf/sigmod/ButtlerLPP01,OminiSearch: A Method for Searching Dynamic Content on the Web,"D Buttler, L Liu, C Pu, H Paques",SIGMOD Conference,2001
70252,journals/sigmod/ACT-NET96,ACT-NET - The Active Database Management System Manifesto: A Rulebase of ADBMS Features,,SIGMOD Record,1996
70254,conf/sigmod/AfratiLU01,Generating Efficient Plans for Queries Using Views,"F Afrati, C Li, J Ullman",SIGMOD Conference,2001
70259,journals/sigmod/BestavrosLS96,Report on First International Workshop on Real-Time Database Systems,,,1996
70261,conf/sigmod/DeolaseeKPRS01,Dissemination of Dynamic Data,"P Deolasee, A Katkar, A Panchbudhe, K Ramamritham, P Shenoy",SIGMOD Conference,2001
70263,conf/sigmod/StonebrakerH01,Content Integration for E-Business,"M Stonebraker, J Hellerstein",SIGMOD Conference,2001
70265,conf/sigmod/ShahC01,"Fault-tolerant, Load-balancing Queries in Telegraph","M Shah, S Chandrasekaran",SIGMOD Conference,2001
70268,conf/sigmod/HaasH01,Online Query Processing,,,2001
70269,journals/sigmod/Colliat96,"OLAP, Relational, and Multidimensional Database Systems",G Colliat,SIGMOD Record,1996
70272,conf/sigmod/Bussler01,Semantic B2B Integration,,,2001
70277,journals/sigmod/Bestavros96,Advances in Real-Time Database Systems Research,A Bestavros,SIGMOD Record,1996
70279,conf/sigmod/MistryRSR01,Materialized View Selection and Maintenance Using Multi-Query Optimization,"H Mistry, P Roy, S Sudarshan, K Ramamritham",SIGMOD Conference,2001
70283,conf/sigmod/AgichteinGV01,Snowball: A Prototype System for Extracting Relations from Large Text Collections,"E Agichtein, L Gravano, J Pavel, V Sokolova, A Voskoboynik",SIGMOD Conference,2001
70286,journals/sigmod/PhatakSSS96,"Database Research at the Indian Institute of Technology, Bombay","D Phatak, N Sarda, S Seshadri, S Sudarshan",SIGMOD Record,1996
70292,conf/sigmod/BabuGR01,SPARTAN: A Model-Based Semantic Compression System for Massive Data Tables,"S Babu, M Garofalakis, R Rastogi",SIGMOD Conference,2001
70298,journals/sigmod/TsotrasK96,Temporal Database Bibliography Update,"V Tsotras, A Kumar",SIGMOD Record,1996
70299,conf/sigmod/Galindo-LegariaJ01,Orthogonal Optimization of Subqueries and Aggregation,"C Galindo-Legaria, M Joshi",SIGMOD Conference,2001
70310,conf/sigmod/KalnisP01,Proxy-Server Architectures for OLAP,"P Kalnis, D Papadias",SIGMOD Conference,2001
70314,conf/sigmod/ChenGK01,Query Optimization In Compressed Database Systems,"Z Chen, J Gehrke, F Korn",SIGMOD Conference,2001
70315,journals/sigmod/KramerNKRLKLZ97,WWW-UDK: A Web-based Environmental Meta-Information System,"R Kramer, R Nikolai, A Koschel, C Rolker, P Lockemann, A Keitel, R Legat, K Zirm",SIGMOD Record,1997
70316,conf/sigmod/BohannonMR01,Main-Memory Index Structures with Fixed-Size Partial Keys,"P Bohannon, P McIlroy, R Rastogi",SIGMOD Conference,2001
70317,journals/sigmod/TomasicS97,Improving Access to Environmental Data Using Context Information,"A Tomasic, E Simon",SIGMOD Record,1997
70321,conf/sigmod/CarinoKKB01,"StorHouse Metanoia - New Applications for Database, Storage & Data Warehousing","F Cariño, P Kostamaa, A Kaufmann, J Burgess",SIGMOD Conference,2001
70325,conf/sigmod/ChenGM01,Improving Index Performance through Prefetching,"S Chen, P Gibbons, T Mowry",SIGMOD Conference,2001
70327,conf/sigmod/AgrawalCN01,Materialized View and Index Selection Tool for Microsoft SQL Server 2000,"S Agrawal, S Chaudhuri, V Narasayya",SIGMOD Conference,2001
70330,conf/sigmod/Sahuguet01,"\Kweelt: More than just \""\""yet another framework to query XML!\""\""\""""",A Sahuguet,SIGMOD Conference,2001
70332,conf/sigmod/GetoorTK01,Selectivity Estimation using Probabilistic Models,"L Getoor, B Taskar, D Koller",SIGMOD Conference,2001
70335,journals/sigmod/Qian97,Opportunities in Information Management and Assurance,X Qian,SIGMOD Record,1997
70337,journals/sigmod/DoanPSB97,Query Previews for Networked Information Systems: A Case Study with NASA Environmental Data,"K Doan, C Plaisant, B Shneiderman, T Bruns",SIGMOD Record,1997
70340,journals/sigmod/AtkinsonDJPS96,An Orthogonally Persistent Java,"M Atkinson, L Daynès, M Jordan, T Printezis, S Spence",SIGMOD Record,1996
70341,conf/sigmod/DoanDH01,Reconciling Schemas of Disparate Data Sources: A Machine-Learning Approach,"A Doan, P Domingos, A Halevy",SIGMOD Conference,2001
70342,journals/sigmod/CoxEH96,3D Geographic Network Displays,"K Cox, S Eick, T He",SIGMOD Record,1996
70344,journals/sigmod/HasanMV96,Applying database Visualization to the World Wide Web,"M Hasan, A Mendelzon, D Vista",SIGMOD Record,1996
70345,journals/sigmod/KennedyMB96,A Framework for Information Visualisation,"J Kennedy, K Mitchell, P Barclay",SIGMOD Record,1996
70348,journals/sigmod/RafanelliBT96,The Aggregate Data Problem: A System for their Definition and Management,"M Rafanelli, A Bezenchek, L Tininini",SIGMOD Record,1996
70356,journals/sigmod/Keim96,Pixel-oriented Database Visualizations,D Keim,SIGMOD Record,1996
70359,conf/sigmod/WuAA01,Using the Golden Rule of Sampling for Query Estimation,"Y Wu, D Agrawal, A Abbadi",SIGMOD Conference,2001
70364,conf/sigmod/AggarwalY00,Finding Generalized Projected Clusters In High Dimensional Spaces,"C Aggarwal, P Yu",SIGMOD Conference,2000
70366,conf/sigmod/PalmerF00,Density Biased Sampling: An Improved Method for Data Mining and Clustering,"C Palmer, C Faloutsos",SIGMOD Conference,2000
70367,conf/sigmod/Lomet00,High Speed On-line Backup When Using Logical Log Operations,D Lomet,SIGMOD Conference,2000
70368,journals/sigmod/ShethGJRSWW96,Report from the NSF Workshop on Workflow and Process Automation in Information Systems,,,1996
70370,conf/sigmod/LabioWGG00,Efficient Resumption of Interrupted Warehouse Loads,"W Labio, J Wiener, H Garcia-Molina, V Gorelik",SIGMOD Conference,2000
70389,journals/sigmod/Chaudhri95,An Annotated Bibliography of Benchmarks for Object Databases,A Chaudhri,SIGMOD Record,1995
70395,conf/sigmod/ZaharioudakisCLPU00,Answering Complex SQL Queries Using Automatic Summary Tables,"M Zaharioudakis, R Cochrane, G Lapis, H Pirahesh, M Urata",SIGMOD Conference,2000
70400,journals/sigmod/KimballS95,Why Decision Support Fails and How To Fix It,"R Kimball, K Strehlo",SIGMOD Record,1995
70407,journals/sigmod/GamacheS95,Addressing Techniques Used in Database Object Managers O2 and Orion,"A Gamache, N Sahraoui",SIGMOD Record,1995
70409,journals/sigmod/DogacDKOONEHAKKM95,METU Interoperable Database System,"A Dogac, C Dengi, E Kilic, G Özhan, F Ozcan, S Nural, C Evrendilek, U Halici, I Arpinar, P Koksal, N Kesim, S Mancuhan",SIGMOD Record,1995
70416,journals/sigmod/JainH94,Metadata in Video Databases,"R Jain, A Hampapur",SIGMOD Record,1994
70420,journals/sigmod/ShinM94,A New Join Algorithm,"D Shin, A Meltzer",SIGMOD Record,1994
70424,conf/sigmod/LakhamrajuRSS00,On-line Reorganization in Object Databases,"M Lakhamraju, R Rastogi, S Seshadri, S Sudarshan",SIGMOD Conference,2000
70427,journals/sigmod/Alonso95,Trade Press News,,,1995
70430,conf/sigmod/Ross00,Expressing Business Rules,R Ross,SIGMOD Conference,2000
70435,conf/sigmod/ChenDLT00,Fact: A Learning Based Web Query Processing System,"S Chen, Y Diao, H Lu, Z Tian",SIGMOD Conference,2000
70436,journals/sigmod/Jannink95,Implementing Deletion in B+-Trees,J Jannink,SIGMOD Record,1995
70446,conf/sigmod/GoldmanW00,WSQ/DSQ: A Practical Approach for Combined Querying of Databases and the Web,"R Goldman, J Widom",SIGMOD Conference,2000
70450,conf/sigmod/LeeKOTM00,Towards Self-Tuning Data Placement in Parallel Database Systems,"M Lee, M Kitsuregawa, B Ooi, K Tan, A Mondal",SIGMOD Conference,2000
70457,conf/sigmod/SaltenisJLL00,Indexing the Positions of Continuously Moving Objects,"S Saltenis, C Jensen, S Leutenegger, M Lopez",SIGMOD Conference,2000
70463,journals/sigmod/DrewHKKLLLSW95,Data and Knowledge Base Research at Hong Kong University of Science and Technology,"P Drew, B Hamidzadeh, K Karlapalem, A Kean, D Lee, Q Li, F Lochovsky, C Shum, B Wüthrich",SIGMOD Record,1995
70466,journals/sigmod/DunhamH95,From the Guest Editors - Special Section on Data Management Issues in Mobile Computing,"M Dunham, A Helal",,1995
70468,conf/sigmod/FaloutsosSTT00,Spatial Join Selectivity Using Power Laws,"C Faloutsos, B Seeger, A Traina, C Jr.",SIGMOD Conference,2000
70471,conf/sigmod/LiefkeS00,XMILL: An Efficient Compressor for XML Data,"H Liefke, D Suciu",SIGMOD Conference,2000
70472,journals/sigmod/Widom95a,Editor's Notes,J Widom,SIGMOD Record,1995
70476,conf/sigmod/Nori00,Application Architecture: 2Tier or 3Tier? What is DBMS's Role? (Panel Abstract),A Nori,SIGMOD Conference,2000
70479,journals/sigmod/MaelbranckeO95,Optimizing Jan Jannink's Implementation of B+-tree Deletion,"R Maelbrancke, H Olivie",SIGMOD Record,1995
70480,conf/sigmod/Ramakrishnan00,From Browsing to Interacting: DBMS Support for Responive Websites (Abstract),R Ramakrishnan,SIGMOD Conference,2000
70481,journals/sigmod/AbiteboulH95,"\Response to \""\""A Close Look at the IFO Data Model\""\""\""""","S Abiteboul, R Hull",SIGMOD Record,1995
70485,journals/sigmod/RosenthalSMBTL95,Data Management Research at The MITRE Corporation,"A Rosenthal, L Seligman, C McCollum, B Blaustein, B Thuraisingham, E Lafferty",SIGMOD Record,1995
70487,conf/sigmod/BratsbergT00,Tutorial: Designing an Ultra Highly Available DBMS,,,2000
70488,journals/sigmod/RisheSBDOALOSS95,Florida International University High Performance Database Research Center,"N Rishe, W Sun, D Barton, Y Deng, C Orji, M Alexopoulos, L Loureiro, C 0002, M Sanchez, A Shaposhnikov",SIGMOD Record,1995
70490,conf/sigmod/Carey00,On XML and Databases: Where's the Beef? (Panel Abstract),M Carey,SIGMOD Conference,2000
70491,conf/sigmod/RaoR00,Making B+-Trees Cache Conscious in Main Memory,"J Rao, K Ross",SIGMOD Conference,2000
70492,journals/sigmod/Wong95,An Introduction to Remy's Fast Polymorphic Record Projection,L Wong,SIGMOD Record,1995
70493,journals/sigmod/LeeCL95,An Aspect of Query Optimization in Multidatabase Systems (Extended Abstract),"C Lee, C Chen, H Lu",SIGMOD Record,1995
70494,conf/sigmod/AgrawalS00,Privacy-Preserving Data Mining,"R Agrawal, R Srikant",SIGMOD Conference,2000
70497,journals/sigmod/Widom95,Editor's Notes,J Widom,SIGMOD Record,1995
70503,journals/sigmod/Stacey95,"Replication: DB2, Oracle, or Sybase?",D Stacey,SIGMOD Record,1995
70505,journals/sigmod/Alonso95a,Trade Press News,,,1995
70509,journals/sigmod/Winslett94,Progress on HPCC and NII,M Winslett,SIGMOD Record,1994
70511,conf/sigmod/ChakrabartiM99,Efficient Concurrency Control in Multidimensional Access Methods,"K Chakrabarti, S Mehrotra",SIGMOD Conference,1999
70512,journals/tods/TaoSP03,Analysis of predictive spatio-temporal queries,"Y Tao, J Sun, D Papadias",ACM Trans. Database Syst.,2003
70515,conf/sigmod/HsuLG00,Image Mining in IRIS: Integrated Retinal Information System,"W Hsu, M Lee, K Goh",SIGMOD Conference,2000
70520,journals/tods/DiaoAFZF03,Path sharing and predicate evaluation for high-performance XML filtering,"Y Diao, M Altinel, M Franklin, H Zhang, P Fischer",ACM Trans. Database Syst.,2003
70522,journals/tods/HjaltasonS03,Index-driven similarity search in metric spaces,"G Hjaltason, H Samet",ACM Trans. Database Syst.,2003
70524,journals/sigmod/DreyerDS94,Research Perspectives for Time Series Management Systems,"W Dreyer, A Dittrich, D Schmidt",SIGMOD Record,1994
70525,journals/sigmod/DiazJPa94,Supporting Dynamic Displays Using Active Rules,"O Díaz, A Jaime, N Paton, G al-Qaimari",SIGMOD Record,1994
70529,conf/sigmod/PeiMHZ00,Towards Data Mining Benchmarking: A Testbed for Performance Study of Frequent Pattern Mining,"J Pei, R Mao, K Hu, H Zhu",SIGMOD Conference,2000
70530,journals/sigmod/PissinouSEMOPSTD94,Towards an Infrastructure for Temporal Databases: Report of an Invitational ARPA/NSF Workshop,,,1994
70533,journals/sigmod/Loeffen94,Text Databases: A Survey of Text Models and Systems,A Loeffen,SIGMOD Record,1994
70534,conf/sigmod/IvesLPST00,Self-Organizing Data Sharing Communities with SAGRES,"Z Ives, A Levy, J Madhavan, R Pottinger, S Saroiu, I Tatarinov, S Betzler, Q Chen, E Jaslikowska, J Su, W Yeung",SIGMOD Conference,2000
70538,conf/sigmod/RundensteinerCCSO00,SERFing the Web: Web Site Management Made Easy,"E Rundensteiner, K Claypool, L Chen, H Su, K Oenoki",SIGMOD Conference,2000
70539,conf/sigmod/YerneniLGU99,Computing Capabilities of Mediators,"R Yerneni, C Li, H Garcia-Molina, J Ullman",SIGMOD Conference,1999
70549,conf/sigmod/MayrS99,Client-Site Query Extensions,"T Mayr, P Seshadri",SIGMOD Conference,1999
70550,journals/tods/CaldersNW02,Searching for dependencies at multiple abstraction levels,"T Calders, R Ng, J Wijsen",ACM Trans. Database Syst.,2002
70551,conf/sigmod/AggarwalWY99,A New Method for Similarity Indexing of Market Basket Data,"C Aggarwal, J Wolf, P Yu",SIGMOD Conference,1999
70554,conf/sigmod/KotidisR99,DynaMat: A Dynamic View Management System for Data Warehouses,"Y Kotidis, N Roussopoulos",SIGMOD Conference,1999
70557,conf/sigmod/VitterW99,Approximate Computation of Multidimensional Aggregates of Sparse Data Using Wavelets,"J Vitter, M Wang",SIGMOD Conference,1999
70560,journals/tods/TaoP03,Spatial queries in dynamic environments,"Y Tao, D Papadias",ACM Trans. Database Syst.,2003
70562,journals/tods/Jimenez-PerisPAK03,Are quorums an alternative for data replication?,"R Jiménez-Peris, M Patiño-Martínez, G Alonso, B Kemme",ACM Trans. Database Syst.,2003
70563,conf/sigmod/Jamil99,Belief Reasoning in MLS Deductive Databases,H Jamil,SIGMOD Conference,1999
70565,journals/tods/GunopulosKMSTS03,Discovering all most specific sentences,"D Gunopulos, R Khardon, H Mannila, S Saluja, H Toivonen, R Sharm",ACM Trans. Database Syst.,2003
70569,conf/sigmod/AdaliSS99,A Multimedia Presentation Algebra,"S Adali, M Sapino, V Subrahmanian",SIGMOD Conference,1999
70570,journals/tods/BeneventanoBS03,Description logics for semantic query optimization in object-oriented database systems,"D Beneventano, S Bergamaschi, C Sartori",ACM Trans. Database Syst.,2003
70573,journals/sigmod/SnodgrassAABCDEGJKKKLLRSSS94a,A TSQL2 Tutorial,"nodgrass, I Ahn, G Ariav, D Batory, J Clifford, C Dyreson, R Elmasri, F Grandi, C Jensen, W Käfer, N Kline, K Kulkarni, T Leung, N Lorentzos, J Roddick, A Segev, M Soo, S Sripada",SIGMOD Record,1994
70575,conf/sigmod/RundensteinerKZWLLN99,Evolvable View Environment (EVE): Non-Equivalent View Maintenance under Schema Changes,"E Rundensteiner, A Koeller, X Zhang, A Wyk, Y Li, A Lee, A Nica",SIGMOD Conference,1999
70576,journals/sigmod/Qian94a,"Announcements from NSF, NASA, and Elsewhere",X Qian,SIGMOD Record,1994
70578,conf/sigmod/NgLHM99,Exploratory Mining via Constrained Frequent Set Queries,"R Ng, L Lakshmanan, J Han, T Mah",SIGMOD Conference,1999
70580,conf/sigmod/WolfsonSXZC99,DOMINO: Databases fOr MovINg Objects tracking,"O Wolfson, A Sistla, B Xu, J Zhou, S Chamberlain",SIGMOD Conference,1999
70585,journals/sigmod/Group94,"Response to the March 1994 ODMG-93 Commentary Written by Dr. Won Kim of UniSQL, Inc",O Group,SIGMOD Record,1994
70587,conf/sigmod/Greer99,Daytona And The Fourth-Generation Language Cymbal,R Greer,SIGMOD Conference,1999
70590,conf/sigmod/TrisoliniLN99,Data Integration and Warehousing in Telecom Italia,"S Trisolini, M Lenzerini, D Nardi",SIGMOD Conference,1999
70594,conf/sigmod/Kohler99,EMC Information Sharing: Direct Access to MVS Data from Unix and NT,W Kohler,SIGMOD Conference,1999
70595,journals/sigmod/Alonso94b,Trade Press News - Announcement and Preface,,,1994
70597,conf/sigmod/KrishnamurthyBN99,Bringing Object-Relational Technology to Mainstream,"V Krishnamurthy, S Banerjee, A Nori",SIGMOD Conference,1999
70598,journals/sigmod/Rosneblatt94,Unix RDBMS: The Next Generation,B Rosneblatt,SIGMOD Record,1994
70601,conf/sigmod/Mohan99,A Database Perspective on Lotus Domino/Notes,C Mohan,SIGMOD Conference,1999
70605,conf/sigmod/HaasH99,Ripple Joins for Online Aggregation,"P Haas, J Hellerstein",SIGMOD Conference,1999
70606,journals/sigmod/GeppertD94,Constructing the Next 100 Database Management Systems,"A Geppert, K Dittrich",SIGMOD Record,1994
70608,journals/sigmod/Yang94,A Hypertext Query Language for Images,L Yang,SIGMOD Record,1994
70609,conf/sigmod/ChaudhuriMN99,On Random Sampling over Joins,"S Chaudhuri, R Motwani, V Narasayya",SIGMOD Conference,1999
70615,conf/sigmod/LeeKC99,Multi-dimensional Selectivity Estimation Using Compressed Histogram Information,"J Lee, D Kim, C Chung",SIGMOD Conference,1999
70620,conf/sigmod/LakshmananNHP99,Optimization of Constrained Frequent Set Queries with 2-variable Constraints,"L Lakshmanan, R Ng, J Han, A Pang",SIGMOD Conference,1999
70622,conf/sigmod/Hidber99,Online Association Rule Mining,C Hidber,SIGMOD Conference,1999
70625,journals/sigmod/YeungHL94,Performance Evaluation of a New Distributed Deadlock Detection Algorithm,"C Yeung, S Hung, K Lam",SIGMOD Record,1994
70633,conf/sigmod/AcharyaPR99,Selectivity Estimation in Spatial Databases,"S Acharya, V Poosala, S Ramaswamy",SIGMOD Conference,1999
70636,conf/vldb/AgrawalSX01,Storage and Querying of E-Commerce Data,"R Agrawal, A Somani, Y Xu",VLDB,2001
70637,conf/vldb/CasatiDGS01,"Improving Business Process Quality through Exception Understanding, Prediction, and Prevention","D Grigori, F Casati, U Dayal, M Shan",VLDB,2001
70643,conf/vldb/DillKMRST01,Self-similarity in the Web,"S Dill, R Kumar, K McCurley, S Rajagopalan, D Sivakumar, A Tomkins",VLDB,2001
70645,conf/vldb/GilbertKMS01,Surfing Wavelets on Streams: One-Pass Summaries for Approximate Aggregate Queries,"A Gilbert, Y Kotidis, S Muthukrishnan, M Strauss",VLDB,2001
70647,conf/vldb/MeccaCM01,RoadRunner: Towards Automatic Data Extraction from Large Web Sites,"V Crescenzi, G Mecca, P Merialdo",VLDB,2001
70648,conf/sigmod/AdelbergD99,Nodose Version 2.0,"B Adelberg, M Denny",SIGMOD Conference,1999
70650,conf/sigmod/BargaL99,Phoenix: Making Applications Robust,"R Barga, D Lomet",SIGMOD Conference,1999
70654,conf/sigmod/RundensteinerCLCZNJLW99,SERF: ODMG-Based Generic Re-structuring Facility,"E Rundensteiner, K Claypool, M Li, L Chen, X Zhang, C Natarajan, J Jin, S Lima, S Weiner",SIGMOD Conference,1999
70655,conf/sigmod/ZhouLP99,TAM: A System for Dynamic Transactional Activity Management,"T Zhou, L Liu, C Pu",SIGMOD Conference,1999
70665,conf/vldb/NatsevCSLV01,Supporting Incremental Join Queries on Ranked Inputs,"A Natsev, Y Chang, J Smith, C Li, J Vitter",VLDB,2001
70666,conf/sigmod/BohlenBD99,The Jungle Database Search Engine,"M Böhlen, L Bukauskas, C Dyreson",SIGMOD Conference,1999
70672,conf/vldb/BlokWZPAKJ01,Flexible and scalable digital library search,"H Blok, M Windhouwer, R Zwol, M Petkovic, P Apers, M Kersten, W Jonker",VLDB,2001
70675,conf/sigmod/PapakonstantinouV99,Query Rewriting for Semistructured Data,"Y Papakonstantinou, V Vassalos",SIGMOD Conference,1999
70678,conf/sigmod/DeutschFS99,Storing Semistructured Data with STORED,"A Deutsch, M Fernandez, D Suciu",SIGMOD Conference,1999
70679,conf/vldb/ZengBNN01,AgFlow: Agent-based Cross-Enterprise Workflow Management System,"L Zeng, B Benatallah, P Nguyen, A Ngu",VLDB,2001
70681,conf/vldb/MaedaT01,ACTIVIEW: Adaptive data presentation using SuperSQL,"Y Maeda, M Toyama",VLDB,2001
70682,conf/sigmod/EmbleyJN99,Record-Boundary Discovery in Web Documents,"D Embley, Y Jiang, Y Ng",SIGMOD Conference,1999
70689,conf/sigmod/Chakrabarti99,Hypertext Databases and Data Mining,,,1999
70690,conf/vldb/AndreiV01,User-Optimizer Communication using Abstract Plans in Sybase ASE,"M Andrei, P Valduriez",VLDB,2001
70692,conf/vldb/ChaudhuriS01,Storage and Retrieval of XML Data Using Relational Databases,,,2001
70694,conf/vldb/PatonG01,Information Management for Genome Level Bioinformatics,,,2001
70697,conf/sigmod/KanthRSB99,Indexing Medium-dimensionality Data in Oracle,"K Kanth, S Ravada, J Sharma, J Banerjee",SIGMOD Conference,1999
70698,conf/vldb/Leymann01,Managing Business Processes via Workflow Technology,,,2001
70700,conf/sigmod/AdaliBSS98,A Multi-Similarity Algebra,"S Adali, P Bonatti, M Sapino, V Subrahmanian",SIGMOD Conference,1998
70702,conf/vldb/AboulnagaAN01,Estimating the Selectivity of XML Path Expressions for Internet Scale Applications,"A Aboulnaga, A Alameldeen, J Naughton",VLDB,2001
70707,conf/vldb/ChungCLL01,Dynamic Update Cube for Range-sum Queries,"S Chun, C Chung, J Lee, S Lee",VLDB,2001
70710,conf/sigmod/AdamY98,Electronic Commerce: Tutorial,"N Adam, Y Yesha",SIGMOD Conference,1998
70711,conf/sigmod/RajagopalanML98,Approximate Medians and other Quantiles in One Pass and with Limited Memory,"G Manku, S Rajagopalan, B Lindsay",SIGMOD Conference,1998
70713,conf/sigmod/LometW98,Efficient and Transparent Application Recovery in Client-Server Information Systems,"D Lomet, G Weikum",SIGMOD Conference,1998
70714,conf/vldb/UrhanF01,Dynamic Pipeline Scheduling for Improving Interactive Query Performance,"T Urhan, M Franklin",VLDB,2001
70715,conf/vldb/BunkerCCMMW01,Aggregate Maintenance for Data Warehousing in Informix Red Brick Vista,"C Bunker, L Colby, R Cole, W McKenna, G Mulagund, D Wilhite",VLDB,2001
70717,conf/sigmod/FranklinZ98,Data In Your Face: Push Technology in Perspective,"M Franklin, S Zdonik",SIGMOD Conference,1998
70718,conf/vldb/LahiriSCMC01,Cache Fusion: Extending Shared-Disk Clusters with Shared Caches,"T Lahiri, V Srihari, W Chan, N MacNaughton, S Chandrasekaran",VLDB,2001
70723,conf/sigmod/Whelan98,FileNet Integrated Document Management Database Usage and Issues,D Whelan,SIGMOD Conference,1998
70725,conf/vldb/Draluk01,Discovering Web Services: An Overview,V Draluk,VLDB,2001
70726,conf/sigmod/NaumanS98,"Developing a High Traffic, Read-Only Web Site","J Nauman, R Suorsa",SIGMOD Conference,1998
70732,conf/vldb/ChienTZ01,Efficient Management of Multiversion Documents by Object Referencing,"S Chien, V Tsotras, C Zaniolo",VLDB,2001
70734,conf/sigmod/BaruGLMPVC99,XML-Based Information Mediation with MIX,"C Baru, A Gupta, B Ludäscher, R Marciano, Y Papakonstantinou, P Velikhov, V Chu",SIGMOD Conference,1999
70740,conf/sigmod/AgrawalGGR98,Automatic Subspace Clustering of High Dimensional Data for Data Mining Applications,"R Agrawal, J Gehrke, D Gunopulos, P Raghavan",SIGMOD Conference,1998
70743,conf/vldb/ChaHKK01,Cache-Conscious Concurrency Control of Main-Memory Indexes on Shared-Memory Multiprocessor Systems,"S Cha, S Hwang, K Kim, K Kwon",VLDB,2001
70753,conf/vldb/GalhardasFSSS01,"Declarative Data Cleaning: Language, Model, and Algorithms","H Galhardas, D Florescu, D Shasha, E Simon, C Saita",VLDB,2001
70756,conf/vldb/KahveciS01,Efficient Index Structures for String Databases,"T Kahveci, A Singh",VLDB,2001
70757,conf/vldb/CooperSFHS01,A Fast Index for Semistructured Data,"B Cooper, N Sample, M Franklin, G Hjaltason, M Shadmon",VLDB,2001
70760,conf/vldb/ManolopoulosT01,C2P: Clustering based on Closest Pairs,"A Nanopoulos, Y Theodoridis, Y Manolopoulos",VLDB,2001
70762,conf/vldb/TanEO01,Efficient Progressive Skyline Computation,"K Tan, P Eng, B Ooi",VLDB,2001
70763,conf/vldb/AgrawalCN00,Automated Selection of Materialized Views and Indexes in SQL Databases,"S Agrawal, S Chaudhuri, V Narasayya",VLDB,2000
70768,conf/vldb/DingGS00,Computing Geographical Scopes of Web Resources,"J Ding, L Gravano, N Shivakumar",VLDB,2000
70769,conf/vldb/PantiSG00,A Case-Based Approach to Information Integration,"M Panti, L Spalazzi, A Giretti",VLDB,2000
70772,conf/vldb/ChangG00,Approximate Query Translation Across Heterogeneous Information Sources,"K Chang, H Garcia-Molina",VLDB,2000
70773,conf/sigmod/CluetDSS98,Your Mediators Need Data Conversion!,"S Cluet, C Delobel, J Siméon, K Smaga",SIGMOD Conference,1998
70783,conf/sigmod/MatiasVW98,Wavelet-Based Histograms for Selectivity Estimation,"Y Matias, J Vitter, M Wang",SIGMOD Conference,1998
70785,conf/vldb/Nori00,Asera: Extranet Architecture for B2B Solutions,A Nori,VLDB,2000
70786,conf/sigmod/LarsonG98,Memory Management During Run Generation in External Sorting,"P Larson, G Graefe",SIGMOD Conference,1998
70788,conf/vldb/MohanBWSZ00,Evolution of Groupware for Business Applications: A Database Perspective on Lotus Domino/Notes,"C Mohan, R Barber, S Watts, A Somani, M Zaharioudakis",VLDB,2000
70790,conf/sigmod/GibbonsM98,New Sampling-Based Summary Statistics for Improving Approximate Query Answers,"P Gibbons, Y Matias",SIGMOD Conference,1998
70793,conf/sigmod/JaedickeM98,On Parallel Processing of Aggregate and Scalar Functions in Object-Relational DBMS,"M Jaedicke, B Mitschang",SIGMOD Conference,1998
70795,conf/sigmod/AvnurHLORRRW98,CONTROL: Continuous Output and Navigation Technology with Refinement On-Line,"R Avnur, J Hellerstein, B Lo, C Olston, B Raman, V Raman, T Roth, K Wylie",SIGMOD Conference,1998
70797,conf/vldb/X00a,Author Index,,VLDB,2000
70798,conf/sigmod/AmbiteABKMMMPT98,ARIADNE: A System for Constructing Mediators for Internet Sources,"J Ambite, N Ashish, G Barish, C Knoblock, S Minton, P Modi, I Muslea, A Philpot, S Tejada",SIGMOD Conference,1998
70799,conf/vldb/ShanmugasundaramSBCLPR00,Efficiently Publishing Relational Data as XML Documents,"J Shanmugasundaram, E Shekita, R Barr, M Carey, B Lindsay, H Pirahesh, B Reinwald",VLDB,2000
70802,conf/sigmod/KornackerSH98,amdb: An Access Method Debugging Tool,"M Kornacker, M Shah, J Hellerstein",SIGMOD Conference,1998
70807,conf/sigmod/OlstonWACELSS98,DataSplash,"C Olston, A Woodruff, A Aiken, M Chu, V Ercegovac, M Lin, M Spalding, M Stonebraker",SIGMOD Conference,1998
70811,conf/sigmod/Fegaras98,Query Unnesting in Object-Oriented Databases,L Fegaras,SIGMOD Conference,1998
70812,conf/vldb/PardonA00,CheeTah: a Lightweight Transaction Server for Plug-and-Play Internet Data Management,"G Pardon, G Alonso",VLDB,2000
70813,conf/sigmod/RaoR98,Reusing Invariants: A New Strategy for Correlated Queries,"J Rao, K Ross",SIGMOD Conference,1998
70818,conf/vldb/LingLL00,Hierarchical Compact Cube for Range-Max Queries,"S Lee, T Ling, H Li",VLDB,2000
70823,conf/vldb/PottingerL00,A Scalable Algorithm for Answering Queries Using Views,"R Pottinger, A Levy",VLDB,2000
70829,conf/sigmod/Toyama98,SuperSQL: An Extended SQL for Database Publishing and Presentation,M Toyama,SIGMOD Conference,1998
70832,conf/sigmod/BaumannDFRW98,The Multidimensional Database System RasDaMan,"P Baumann, A Dehmel, P Furtado, R Ritsch, N Widmann",SIGMOD Conference,1998
70835,conf/vldb/May01,LoPiX: A System for XML Data Integration and Manipulation,W May,VLDB,2001
70841,conf/sigmod/KiepuszewskiMO98,FlowBack: Providing Backward Recovery for Workflow Systems,"B Kiepuszewski, R Mühlberger, M Orlowska",SIGMOD Conference,1998
70846,conf/sigmod/BrinMUT97,Dynamic Itemset Counting and Implication Rules for Market Basket Data,"S Brin, R Motwani, J Ullman, S Tsur",SIGMOD Conference,1997
70849,conf/sigmod/AcharyaFZ97,Balancing Push and Pull for Data Broadcast,"S Acharya, M Franklin, S Zdonik",SIGMOD Conference,1997
70853,conf/vldb/YagoubFIV00a,Building and Customizing Data-Intensive Web Sites Using Weave,"K Yagoub, D Florescu, V Issarny, P Valduriez",VLDB,2000
70856,conf/sigmod/CeriFP98,The IDEA Web Lab,"S Ceri, P Fraternali, S Paraboschi",SIGMOD Conference,1998
70857,conf/vldb/StohrR01,WARLOCK: A Data Allocation Tool for Parallel Warehouses,"T Stöhr, E Rahm",VLDB,2001
70858,conf/sigmod/BerchtoldBBKK97,Fast Parallel Similarity Search in Multimedia Databases,"S Berchtold, C Böhm, B Braunmüller, D Keim, H Kriegel",SIGMOD Conference,1997
70861,conf/vldb/OoiYTJ01,Indexing the Distance: An Efficient Method to KNN Processing,"C Yu, B Ooi, K Tan, H Jagadish",VLDB,2001
70863,conf/vldb/TanSHCR01,Walking Through a Very Large Virtual Environment in Real-time,"L Shou, J Chionh, Z Huang, Y Ruan, K Tan",VLDB,2001
70869,conf/sigmod/KemperKM98,SAP R/3: A Database Application System (Tutorial),,,1998
70872,conf/sigmod/Mylopoulos98,Panel on Next Generation Database Systems Won't Work Without Semantics!,J Mylopoulos,SIGMOD Conference,1998
70873,conf/sigmod/AndersonBKW98,"Replication, Consistency, and Practicality: Are These Mutually Exclusive?","T Anderson, Y Breitbart, H Korth, A Wool",SIGMOD Conference,1998
70881,conf/vldb/WiesnerK01,Hyperqueries: Dynamic Distributed Query Processing on the Internet,"A Kemper, C Wiesner",VLDB,2001
70882,conf/sigmod/Chong98,Real Business Processing Meets the Web,J Chong,SIGMOD Conference,1998
70884,conf/sigmod/AndersonAF98,Oracle Rdb's Record Caching Model,"R Anderson, G Arun, R Frank",SIGMOD Conference,1998
70885,conf/sigmod/NgLK98,A Data Mining Application: Customes Retention at the Port of Singapore Authority (PSA),"K Ng, H Liu, H Kwah",SIGMOD Conference,1998
70887,conf/sigmod/Chan98,Transactional Publish / Subscribe: The Proactive Multicast of Database Changes,A Chan,SIGMOD Conference,1998
70888,conf/vldb/BouguettayaEMO01,Ontology-based Support for Digital Government,"A Bouguettaya, A Elmagarmid, B Medjahed, M Ouzzani",VLDB,2001
70890,conf/sigmod/RamakrishnanD98,The PointCast Network,"S Ramakrishnan, V Dayal",SIGMOD Conference,1998
70895,conf/sigmod/CareyK97,"\On Saying \""\""Enough Already!\""\"" in SQL\""""","M Carey, D Kossmann",SIGMOD Conference,1997
70896,conf/vldb/KemperKW99,Generalised Hash Teams for Join and Group-by,"A Kemper, D Kossmann, C Wiesner",VLDB,1999
70899,conf/sigmod/HanKK97,Scalable Parallel Data Mining for Association Rules,"E Han, G Karypis, V Kumar",SIGMOD Conference,1997
70901,conf/sigmod/Arpaci-DusseauACHP97,High-Performance Sorting on Networks of Workstations,"A Arpaci-Dusseau, R Arpaci-Dusseau, D Culler, J Hellerstein, D Patterson",SIGMOD Conference,1997
70904,conf/sigmod/KoudasS97,Size Separation Spatial Join,"N Koudas, K Sevcik",SIGMOD Conference,1997
70906,conf/vldb/Bowker00,Work and Information Practices in the Sciences of Biodiversity,G Bowker,VLDB,2000
70908,conf/vldb/Ladin00,The Zero Latency Enterprise,D Liles,VLDB,2000
70915,conf/vldb/RamamrithamABEGP00,"Social, Educational, and Governmental Change Enabled through Information Technology","K Ramamritham, Y Atfi, C Batini, M Eitan, V Gregg, D Phatak",VLDB,2000
70919,conf/sigmod/AdelbergGW97,The STRIP Rule System For Efficiently Maintaining Derived Data,"B Adelberg, H Garcia-Molina, J Widom",SIGMOD Conference,1997
70924,conf/sigmod/YangM97,Association Rules over Interval Data,"R Miller, Y Yang",SIGMOD Conference,1997
70925,conf/sigmod/JajodiaSSB97,A Unified Framework for Enforcing Multiple Access Control Policies,"S Jajodia, P Samarati, V Subrahmanian, E Bertino",SIGMOD Conference,1997
70926,conf/vldb/ShahabiFKF00,INSITE: A Tool for Interpreting Users? Interaction with a Web Space,"C Shahabi, A Faisal, F Kashani, J Faruque",VLDB,2000
70928,conf/sigmod/Kramer97,Databases on the Web: Technologies for Federation Architectures and Case Studies (Tutorial),R Kramer,SIGMOD Conference,1997
70935,conf/sigmod/RafieiM97,Similarity-Based Queries for Time Series Data,"D Rafiei, A Mendelzon",SIGMOD Conference,1997
70937,conf/sigmod/ChawatheG97,Meaningful Change Detection in Structured Data,"S Chawathe, H Garcia-Molina",SIGMOD Conference,1997
70939,conf/vldb/DiligentiCLGG00,Focused Crawling Using Context Graphs,"M Diligenti, F Coetzee, S Lawrence, C Giles, M Gori",VLDB,2000
70949,conf/vldb/JarkeKL00,The Challenge of Process Data Warehousing,"M Jarke, T List, J Köller",VLDB,2000
70952,conf/sigmod/AgrawalASY97,Efficient View Maintenance at Data Warehouses,"D Agrawal, A Abbadi, A Singh, T Yurek",SIGMOD Conference,1997
70954,conf/sigmod/LlirbatFS97,Eliminating Costly Redundant Computations from SQL Trigger Executions,"F Llirbat, F Fabret, E Simon",SIGMOD Conference,1997
70964,conf/vldb/PfoserJT00,Novel Approaches in Query Processing for Moving Object Trajectories,"D Pfoser, C Jensen, Y Theodoridis",VLDB,2000
70965,conf/sigmod/OzdenRSS96,Fault-tolerant Architectures for Continuous Media Servers,"B Özden, R Rastogi, P Shenoy, A Silberschatz",SIGMOD Conference,1996
70966,conf/vldb/KoudasIM00,Identifying Representative Trends in Massive Time Series Data Sets Using Sketches,"P Indyk, N Koudas, S Muthukrishnan",VLDB,2000
70975,conf/vldb/Sarawagi00,User-Adaptive Exploration of Multidimensional Data,S Sarawagi,VLDB,2000
70976,conf/sigmod/GeneserethKD97,Infomaster: An Information Integration System,"M Genesereth, A Keller, O Duschka",SIGMOD Conference,1997
70985,conf/vldb/MendelzonV00,Temporal Queries in OLAP,"A Mendelzon, A Vaisman",VLDB,2000
70989,conf/vldb/BalminPP00,Hypothetical Queries in an OLAP Environment,"A Balmin, T Papadimitriou, Y Papakonstantinou",VLDB,2000
70992,conf/vldb/WangZ00,Using SQL to Build New Aggregates and Extenders for Object- Relational Systems,"H Wang, C Zaniolo",VLDB,2000
70996,conf/sigmod/AtzeniT97,MDM: a Multiple-Data-Model Tool for the Management of Heterogeneous Database Schemes,"P Atzeni, R Torlone",SIGMOD Conference,1997
71000,conf/sigmod/LiCHH97,SEMCOG: An Object-based Image Retrieval System and Its Visual Query Interface,"W Li, K Candan, K Hirata, Y Hara",SIGMOD Conference,1997
71005,conf/vldb/WangHH00,Mining Frequent Itemsets Using Support Constraints,"K Wang, Y He, J Han",VLDB,2000
71006,conf/sigmod/ColbyKLMR97,Supporting Multiple View Maintenance Policies,"L Colby, A Kawaguchi, D Lieuwen, I Mumick, K Ross",SIGMOD Conference,1997
71007,conf/vldb/ChaudhuriW00,Rethinking Database System Architecture: Towards a Self-Tuning RISC-Style Database System,"S Chaudhuri, G Weikum",VLDB,2000
71014,conf/sigmod/Shasha97,"Lessons from Wall Street: Case Studies in Configuration, Tuning, and Distribution (Tutorial)",,,1997
71020,conf/sigmod/GrayHOS96,The Dangers of Replication and a Solution,"J Gray, P Helland, P O'Neil, D Shasha",SIGMOD Conference,1996
71024,conf/sigmod/HillyerS96,Random I/O Scheduling in Online Tertiary Storage Systems,"B Hillyer, A Silberschatz",SIGMOD Conference,1996
71031,conf/vldb/CareyCNVDRSM99,"O-O, What Have They Done to DB2?","M Carey, D Chamberlin, S Narayanan, B Vance, D Doole, S Rielau, R Swagerman, N Mattos",VLDB,1999
71033,conf/sigmod/AchyutuniON96,Two Techniques for On-Line Index Modification in Shared Nothing Parallel Databases,"K Achyutuni, E Omiecinski, S Navathe",SIGMOD Conference,1996
71034,conf/vldb/JagadishLS99,What can Hierarchies do for Data Warehouses?,"H Jagadish, L Lakshmanan, D Srivastava",VLDB,1999
71035,conf/vldb/ShanmugasundaramGTZDN99,Relational Databases for Querying XML Documents: Limitations and Opportunities,"J Shanmugasundaram, K Tufte, C Zhang, G He, D DeWitt, J Naughton",VLDB,1999
71043,conf/vldb/DonjerkovicR99,Probabilistic Optimization of Top N Queries,"D Donjerkovic, R Ramakrishnan",VLDB,1999
71048,conf/sigmod/FukudaMMT96,"Data Mining Using Two-Dimensional Optimized Accociation Rules: Scheme, Algorithms, and Visualization","T Fukuda, Y Morimoto, S Morishita, T Tokuyama",SIGMOD Conference,1996
71049,conf/sigmod/SrikantA96,Mining Quantitative Association Rules in Large Relational Tables,"R Srikant, R Agrawal",SIGMOD Conference,1996
71050,conf/vldb/JosifovskiR99,Integrating Heterogenous Overlapping Databases through Object-Oriented Transformations,"V Josifovski, T Risch",VLDB,1999
71054,conf/sigmod/Han96,Data Mining Techniques,J Han,SIGMOD Conference,1996
71058,conf/vldb/GarofalakisRS99,SPIRIT: Sequential Pattern Mining with Regular Expression Constraints,"M Garofalakis, R Rastogi, K Shim",VLDB,1999
71061,conf/sigmod/ChawatheRGW96,Change Detection in Hierarchically Structured Information,"S Chawathe, A Rajaraman, H Garcia-Molina, J Widom",SIGMOD Conference,1996
71062,conf/vldb/Campbell99,"The New Locking, Logging, and Recovery Architecture of Microsoft SQL Server 7.0",D Campbell,VLDB,1999
71070,conf/sigmod/ChristophidesCM96,Evaluating Queries with Generalized Path Expressions,"V Christophides, S Cluet, G Moerkotte",SIGMOD Conference,1996
71073,conf/vldb/TanGO99,Online Feedback for Nested Aggregate Queries with Multi-Threading,"K Tan, C Goh, B Ooi",VLDB,1999
71077,conf/vldb/KoudasMJ99,Mining Deviants in a Time Series Database,"H Jagadish, N Koudas, S Muthukrishnan",VLDB,1999
71079,conf/vldb/IoannidisP99,Histogram-Based Approximation of Set-Valued Query-Answers,"Y Ioannidis, V Poosala",VLDB,1999
71080,conf/sigmod/GangulyGMS96,Bifocal Sampling for Skew-Resistant Join Size Estimation,"S Ganguly, P Gibbons, Y Matias, A Silberschatz",SIGMOD Conference,1996
71082,conf/sigmod/KrishnanVI96,Estimating Alphanumeric Selectivity in the Presence of Wildcards,"P Krishnan, J Vitter, B Iyer",SIGMOD Conference,1996
71085,conf/vldb/LiRS99,Aggregation Algorithms for Very Large Compressed Data Warehouses,"J Li, D Rotem, J Srivastava",VLDB,1999
71087,conf/vldb/KumarRRT99,Extracting Large-Scale Knowledge Bases from the Web,"R Kumar, P Raghavan, S Rajagopalan, A Tomkins",VLDB,1999
71089,conf/vldb/CeriFP99,"Data-Driven, One-To-One Web Site Generation for Data-Intensive Applications","S Ceri, P Fraternali, S Paraboschi",VLDB,1999
71092,conf/vldb/DattaRT99,Curio: A Novel Solution for Efficient Storage and Indexing in Data Warehouses,"A Datta, K Ramamritham, H Thomas",VLDB,1999
71093,conf/vldb/ZurekS99,Datawarehousing Has More Colours Than Just Black & White,"T Zurek, M Sinnwell",VLDB,1999
71094,conf/sigmod/RundensteinerKRCJM96,The MultiView Project: Object-Oriented View Technology and Applications,"E Rundensteiner, H Kuno, Y Ra, V Crestana-Taube, M Jones, P Marrón",SIGMOD Conference,1996
71095,conf/sigmod/FukudaMMT96a,SONAR: System for Optimized Numeric AssociationRules,"T Fukuda, Y Morimoto, S Morishita, T Tokuyama",SIGMOD Conference,1996
71096,conf/vldb/Kornacker99,High-Performance Extensible Indexing,M Kornacker,VLDB,1999
71099,conf/sigmod/ChooOLCGBPS96,Prospector: A Content-Based Multimedia Server for Massively Parallel Architectures,"S Choo, W O'Connell, G Linderman, H Chen, K Ganapathi, A Biliris, E Panagos, D Schrader",SIGMOD Conference,1996
71101,conf/sigmod/QuassWGHLMNRRAUW96,LORE: A Lightweight Object REpository for Semistructured Data,"D Quass, J Widom, R Goldman, K Haas, Q Luo, J McHugh, S Nestorov, A Rajaraman, H Rivero, S Abiteboul, J Ullman, J Wiener",SIGMOD Conference,1996
71103,conf/sigmod/BohmA96,HyperStorM - Administering Structured Documents Using Object-Oriented Database Technology,"K Böhm, K Aberer",SIGMOD Conference,1996
71107,conf/vldb/CarinoOBS99,"Active Storage Hierarchy, Database Systems and Applications - Socratic Exegesis","F Cariño, W O'Connell, J Burgess, J Saltz",VLDB,1999
71108,conf/sigmod/Mohan96,State of the Art in Workflow Management Research and Products,,,1996
71109,conf/sigmod/Bernstein96,Repository System Engineering,,,1996
71115,conf/sigmod/RossSS96,Materialized View Maintenance and Integrity Constraint Checking: Trading Space for Time,"K Ross, D Srivastava, S Sudarshan",SIGMOD Conference,1996
71117,conf/vldb/JermaineDO99,A Novel Index Supporting High Volume Data Warehouse Insertion,"C Jermaine, A Datta, E Omiecinski",VLDB,1999
71122,conf/sigmod/HellersteinN96,Query Execution Techniques for Caching Expensive Methods,"J Hellerstein, J Naughton",SIGMOD Conference,1996
71128,conf/sigmod/Tajima96,Static Detection of Security Flaws in Object-Oriented Databases,K Tajima,SIGMOD Conference,1996
71129,conf/vldb/DyresonBJ99,Capturing and Querying Multiple Aspects of Semistructured Data,"C Dyreson, M Böhlen, C Jensen",VLDB,1999
71131,conf/sigmod/LiskovACDGGMMS96,Safe and Efficient Sharing of Persistent Objects in Thor,"B Liskov, A Adya, M Castro, M Day, S Ghemawat, R Gruber, U Maheshwari, A Myers, L Shrira",SIGMOD Conference,1996
71132,conf/vldb/RaoR99,Cache Conscious Indexing for Decision-Support in Main Memory,"J Rao, K Ross",VLDB,1999
71134,conf/sigmod/BlottRS96,An Open Storage System for Abstract Objects,"S Blott, L Relly, H Schek",SIGMOD Conference,1996
71137,conf/vldb/BonczMK99,Database Architecture Optimized for the New Bottleneck: Memory Access,"P Boncz, S Manegold, M Kersten",VLDB,1999
71140,conf/vldb/AbiteboulACEMM99,Active Views for Electronic Commerce,"S Abiteboul, B Amann, S Cluet, A Eyal, L Mignet, T Milo",VLDB,1999
71142,conf/vldb/VorugantiOU99,An Adaptive Hybrid Server Architecture for Client Caching ODBMSs,"K Voruganti, M Özsu, R Unrau",VLDB,1999
71143,conf/sigmod/HarinarayanRU96,Implementing Data Cubes Efficiently,"V Harinarayan, A Rajaraman, J Ullman",SIGMOD Conference,1996
71146,conf/sigmod/RaoBG96,Providing Better Support for a Class of Decision Support Queries,"S Rao, A Badia, D Gucht",SIGMOD Conference,1996
71150,conf/sigmod/AcharyaAFZ95,Broadcast Disks: Data Management for Asymmetric Communications Environments,"S Acharya, R Alonso, M Franklin, S Zdonik",SIGMOD Conference,1995
71151,conf/vldb/VenkataramanZ98,Heterogeneous Database Query Optimization in DB2 Universal DataJoiner,"S Venkataraman, T Zhang",VLDB,1998
71153,conf/vldb/BaulierBKS98,A Database System for Real-Time Event Aggregation in Telecommunication,"J Baulier, S Blott, H Korth, A Silberschatz",VLDB,1998
71154,conf/sigmod/FaloutsosL95,"FastMap: A Fast Algorithm for Indexing, Data-Mining and Visualization of Traditional and Multimedia Datasets","C Faloutsos, K Lin",SIGMOD Conference,1995
71156,conf/vldb/BamfordBKM98,Architecture of Oracle Parallel Server,"R Bamford, D Butler, B Klots, N MacNaughton",VLDB,1998
71159,conf/sigmod/IoannidisP95,Balancing Histogram Optimality and Practicality for Query Result Size Estimation,"Y Ioannidis, V Poosala",SIGMOD Conference,1995
71164,conf/sigmod/BrinDG95,Copy Detection Mechanisms for Digital Documents,"S Brin, J Davis, H Garcia-Molina",SIGMOD Conference,1995
71167,conf/vldb/AbiteboulMRVW98,Incremental Maintenance for Materialized Views over Semistructured Data,"S Abiteboul, J McHugh, M Rys, V Vassalos, J Wiener",VLDB,1998
71168,conf/sigmod/BersonGM95,Fault Tolerant Design of Multimedia Servers,"S Berson, L Golubchik, R Muntz",SIGMOD Conference,1995
71169,conf/vldb/GoldmanSVG98,Proximity Search in Databases,"R Goldman, N Shivakumar, S Venkatasubramanian, H Garcia-Molina",VLDB,1998
71178,conf/sigmod/Gettys95,DIRECTV and Oracle Rdb: The Challenges of VLDB Transaction Processing,W Gettys,SIGMOD Conference,1995
71181,conf/sigmod/BaruFGHJPW95,An Overview of DB2 Parallel Edition,"C Baru, G Fecteau, A Goyal, H Hsiao, A Jhingran, S Padmanabhan, W Wilson",SIGMOD Conference,1995
71182,conf/vldb/WeberSB98,A Quantitative Analysis and Performance Study for Similarity-Search Methods in High-Dimensional Spaces,"R Weber, H Schek, S Blott",VLDB,1998
71187,conf/sigmod/MoleskyR95,Recovery Protocols for Shared Memory Database Systems,"L Molesky, K Ramamritham",SIGMOD Conference,1995
71189,conf/sigmod/BrodskyK95,The LyriC Language: Querying Constraint Objects,"A Brodsky, Y Kornatzky",SIGMOD Conference,1995
71192,conf/sigmod/ImielinskiV95,DataMine - Interactive Rule Discovery System,"T Imielinski, A Virmani",SIGMOD Conference,1995
71193,conf/vldb/MiloZ98,Using Schema Matching to Simplify Heterogeneous Data Translation,"T Milo, S Zohar",VLDB,1998
71197,conf/vldb/BliujuteJSS98,R-Tree Based Indexing of Now-Relative Bitemporal Data,"R Bliujute, C Jensen, S Saltenis, G Slivinskas",VLDB,1998
71200,conf/vldb/JagadishKMPSS98,Optimal Histograms with Quality Guarantees,"H Jagadish, N Koudas, S Muthukrishnan, V Poosala, K Sevcik, T Suel",VLDB,1998
71202,conf/vldb/EsterKSWX98,Incremental Clustering for Mining in a Data Warehousing Environment,"M Ester, H Kriegel, J Sander, M Wimmer, X Xu",VLDB,1998
71206,conf/vldb/NipplM98,"TOPAZ: a Cost-Based, Rule-Driven, Multi-Phase Parallelizer","C Nippl, B Mitschang",VLDB,1998
71207,conf/vldb/AnkerstBKS98,Improving Adaptable Similarity Query Processing by Using Approximations,"M Ankerst, B Braunmüller, H Kriegel, T Seidl",VLDB,1998
71213,conf/vldb/RamanRH99,Online Dynamic Reordering for Interactive Data Processing,"V Raman, B Raman, J Hellerstein",VLDB,1999
71214,conf/sigmod/WhiteD95,Implementing Crash Recovery in QuickStore: A Performance Study,"S White, D DeWitt",SIGMOD Conference,1995
71215,conf/vldb/ZirintsisKM99,Hyper-Programming in Java,"E Zirintsis, G Kirby, R Morrison",VLDB,1999
71216,conf/sigmod/DuSD95,Reducing Multidatabase Query Response Time by Tree Balancing,"W Du, M Shan, U Dayal",SIGMOD Conference,1995
71217,conf/vldb/Dayal99,"Industrial Panel on Data Warehousing Technologies: Experiences, Challenges, and Directions",U Dayal,VLDB,1999
71222,conf/sigmod/BhargavaGI95,Hypergraph Based Reorderings of Outer Join Queries with Complex Predicates,"G Bhargava, P Goel, B Iyer",SIGMOD Conference,1995
71224,conf/vldb/ChengGKLLQS99,Implementation of Two Semantic Query Optimization Techniques in DB2 Universal Database,"Q Cheng, J Gryz, F Koo, T Leung, L Liu, X Qian, K Schiefer",VLDB,1999
71225,conf/vldb/FlorescuLSY99,Optimization of Run-time Management of Data Intensive Web-sites,"D Florescu, A Levy, D Suciu, K Yagoub",VLDB,1999
71226,conf/sigmod/GriffinL95,Incremental Maintenance of Views with Duplicates,"T Griffin, L Libkin",SIGMOD Conference,1995
71228,conf/vldb/MengLYWCR98,Determining Text Databases to Search in the Internet,"W Meng, K Liu, C Yu, X Wang, Y Chang, N Rishe",VLDB,1998
71231,conf/vldb/HelmerWM98,Diag-Join: An Opportunistic Join Algorithm for 1:N Relationships,"S Helmer, T Westmann, G Moerkotte",VLDB,1998
71233,conf/sigmod/Team95,"Object-Oriented, Rapid Application Development in a PC Database Environment",F Team,SIGMOD Conference,1995
71234,conf/vldb/GraefeBC98,Hash Joins and Hash Teams in Microsoft SQL Server,"G Graefe, R Bunker, S Cooper",VLDB,1998
71238,conf/sigmod/Moore95,The Lotus Notes Storage System,K Moore,SIGMOD Conference,1995
71240,conf/sigmod/Ellison95,Keynote Address,,,1995
71241,conf/vldb/BouganimCDDGS99,Miro Web: Integrating Multiple Data Sources through Semistructured Data Types,"L Bouganim, T Chan-Sine-Ying, T Dang-Ngoc, J Darroux, G Gardarin, F Sha",VLDB,1999
71244,conf/sigmod/Epstein95,Keynote Address,,,1995
71247,conf/vldb/MorimotoFMTY98,Algorithms for Mining Association Rules for Binary Segmentations of Huge Categorical Databases,"Y Morimoto, T Fukuda, H Matsuzawa, T Tokuyama, K Yoda",VLDB,1998
71250,conf/vldb/KnorrN98,Algorithms for Mining Distance-Based Outliers in Large Datasets,"E Knorr, R Ng",VLDB,1998
71254,conf/sigmod/French95,``One Size Fits All'' Database Architectures Do Not Work for DDS,C French,SIGMOD Conference,1995
71255,conf/vldb/Greco98,Binding Propagation in Disjunctive Databases,S Greco,VLDB,1998
71260,conf/sigmod/Gerber95,Informix Online XPS,R Gerber,SIGMOD Conference,1995
71261,conf/sigmod/Levine95,Order-of-Magnitude Advantage of TPC-C Though Massive Parallelism,C Levine,SIGMOD Conference,1995
71266,conf/sigmod/Faloutsos95,Indexing Multimedia Databases (Tutorial),,,1995
71268,conf/sigmod/MattosM95,An Overview of the Emerging Third-Generation SQL Standard (Tutorial),,,1995
71269,conf/sigmod/Sheth95,"Workflow Automation: Applications, Technology, and Research (Tutorial)",,,1995
71273,conf/sigmod/Gibson95,Storage Technology: RAID and Beyond,,,1995
71275,conf/vldb/ChaudhuriN97,An Efficient Cost-Driven Index Selection Tool for Microsoft SQL Server,"S Chaudhuri, V Narasayya",VLDB,1997
71280,conf/sigmod/ShklarSKT95,InfoHarness: A System for Search and Retrieval of Heterogeneous Information,"L Shklar, A Sheth, V Kashyap, S Thatte",SIGMOD Conference,1995
71282,conf/sigmod/MassariPSC95,QBI: Query By Icons,"A Massari, S Pavani, L Saladini, P Chrysanthis",SIGMOD Conference,1995
71285,conf/vldb/RothS97,"Don't Scrap It, Wrap It! A Wrapper Architecture for Legacy Data Sources","M Roth, P Schwarz",VLDB,1997
71288,conf/vldb/VassalosP97,Describing and Using Query Capabilities of Heterogeneous Sources,"V Vassalos, Y Papakonstantinou",VLDB,1997
71292,conf/vldb/SkubiszewskiV97,Concurrent Garbage Collection in O2,"M Skubiszewski, P Valduriez",VLDB,1997
71293,conf/sigmod/GrossmanHQ95,PTool: A Light Weight Persistent Object Manager,"R Grossman, D Hanley, X Qin",SIGMOD Conference,1995
71297,conf/vldb/StathatosRB97,Adaptive Data Broadcast in Hybrid Networks,"K Stathatos, N Roussopoulos, J Baras",VLDB,1997
71301,conf/vldb/HelmerM97,Evaluation of Main Memory Join Algorithms for Joins with Set Comparison Join Predicates,"S Helmer, G Moerkotte",VLDB,1997
71308,conf/vldb/GibbonsMP97,Fast Incremental Maintenance of Approximate Histograms,"P Gibbons, Y Matias, V Poosala",VLDB,1997
71318,conf/vldb/WhiteheadSM97,GTE SuperPages: Using IR Techniques for Searching Complex Objects,"S Whitehead, H Sinha, M Murphy",VLDB,1997
71325,conf/sigmod/FaloutsosRM94,Fast Subsequence Matching in Time-Series Databases,"C Faloutsos, M Ranganathan, Y Manolopoulos",SIGMOD Conference,1994
71326,conf/vldb/KumarKA97,Caprera: An Activity Framework for Transaction Processing on Wide-Area Networks,"S Kumar, E Kwang, D Agrawal",VLDB,1997
71327,conf/sigmod/KrollW94,Distributing a Search Tree Among a Growing Number of Processors,"B Kröll, P Widmayer",SIGMOD Conference,1994
71328,conf/vldb/GinisHKMT97,Data Manager for Evolvable Real-time Command and Control Systems,"E Hughes, R Ginis, B Thuraisingham, P Krupp, J Maurer",VLDB,1997
71330,conf/sigmod/ChristophidesACS94,From Structured Documents to Novel Query Facilities,"V Christophides, S Abiteboul, S Cluet, M Scholl",SIGMOD Conference,1994
71331,conf/sigmod/NybergBCGL94,AlphaSort: A RISC Machine Sort,"C Nyberg, T Barclay, Z Cvetanovic, J Gray, D Lomet",SIGMOD Conference,1994
71334,conf/vldb/SellisRF97,Multidimensional Access Methods: Trees Have Grown Everywhere,"T Sellis, N Roussopoulos, C Faloutsos",VLDB,1997
71335,conf/sigmod/ChenR94,Adaptive Selectivity Estimation Using Query Feedback,"C Chen, N Roussopoulos",SIGMOD Conference,1994
71340,conf/sigmod/BrinkhoffKSS94a,GENESYS: A System for Efficient Spatial Query Processing,"T Brinkhoff, H Kriegel, R Schneider, B Seeger",SIGMOD Conference,1994
71341,conf/sigmod/BilirisP94,EOS: An Extensible Object Store,"A Biliris, E Panagos",SIGMOD Conference,1994
71343,conf/vldb/SheikholeslamiCZ98,WaveCluster: A Multi-Resolution Clustering Approach for Very Large Spatial Databases,"G Sheikholeslami, S Chatterjee, A Zhang",VLDB,1998
71344,conf/sigmod/Jagadish94,Databases for Networks,H Jagadish,SIGMOD Conference,1994
71347,conf/sigmod/Dietterich94,DEC Data Distributor: for Data Replication and Data Warehousing,D Dietterich,SIGMOD Conference,1994
71349,conf/vldb/GeorgeH98,Secure Buffering in Firm Real-Time Database Systems,"B George, J Haritsa",VLDB,1998
71350,conf/sigmod/DarR94,A Performance Study of Transitive Closure Algorithms,"S Dar, R Ramakrishnan",SIGMOD Conference,1994
71353,conf/sigmod/Martin94,COSS: The Common Object Services Specifications,B Martin,SIGMOD Conference,1994
71356,conf/vldb/KornLKF98,"Ratio Rules: A New Paradigm for Fast, Quantifiable Data Mining","F Korn, A Labrinidis, Y Kotidis, C Faloutsos",VLDB,1998
71357,conf/sigmod/MumickP94,Implementation of Magic-sets in a Relational Database System,"I Mumick, H Pirahesh",SIGMOD Conference,1994
71359,conf/vldb/ChakrabartiSD98,Mining Surprising Patterns Using Temporal Description Length,"S Chakrabarti, S Sarawagi, B Dom",VLDB,1998
71363,conf/sigmod/BarbaraI94,Sleepers and Workaholics: Caching Strategies in Mobile Environments,"D Barbará, T Imielinski",SIGMOD Conference,1994
71365,conf/sigmod/Ballinger94,Evolving Teradata Decision Support for Massively Parallel Processing with UNIX,C Ballinger,SIGMOD Conference,1994
71366,conf/vldb/Slutz98,Massive Stochastic Testing of SQL,D Slutz,VLDB,1998
71368,conf/sigmod/BersonGMJ94,Staggered Striping in Multimedia Information Systems,"S Berson, S Ghandeharizadeh, R Muntz, X Ju",SIGMOD Conference,1994
71369,conf/sigmod/Ahn94,Database Issues in Telecommunications Network Management,I Ahn,SIGMOD Conference,1994
71370,conf/vldb/BonczRK98,The Drill Down Benchmark,"P Boncz, T Rühl, F Kwakkel",VLDB,1998
71373,conf/vldb/FankhauserGLMT98,Experiences in Federated Databases: From IRO-DB to MIRO-Web,"P Fankhauser, G Gardarin, M Lopez, J Muñoz, A Tomasic",VLDB,1998
71377,conf/vldb/ArunJ98,KODA - The Architecture And Interface of a Data Model Independent Kernel,"G Arun, A Joshi",VLDB,1998
71387,conf/vldb/Orenstein98,Starting (and Sometimes Ending) a Database Company,J Orenstein,VLDB,1998
71388,conf/sigmod/CareyDFHMNSSTTWZ94,Shoring Up Persistent Applications,"M Carey, D DeWitt, M Franklin, N Hall, M McAuliffe, J Naughton, D Schuh, M Solomon, C Tan, O Tsatalos, S White, M Zwilling",SIGMOD Conference,1994
71389,conf/vldb/RoussopoulosK98,The Cubetree Storage Organization,"N Roussopoulos, Y Kotidis",VLDB,1998
71393,conf/sigmod/SeshadriLR94,Sequence Query Processing,"P Seshadri, M Livny, R Ramakrishnan",SIGMOD Conference,1994
71394,conf/vldb/Mina98,MapInfo SpatialWare: A Spatial Information Server for RDBMS,C Mina,VLDB,1998
71397,conf/sigmod/KemperMPS94,Optimizing Disjunctive Queries with Expensive Predicates,"A Kemper, G Moerkotte, K Peithner, M Steinbrunn",SIGMOD Conference,1994
71400,conf/sigmod/Galindo-Legaria94,Outerjoins as Disjunctions,C Galindo-Legaria,SIGMOD Conference,1994
71406,conf/sigmod/Fernandez94,Red Brick Warehouse: A Read-Mostly RDBMS for Open SMP Platforms,P Fernandez,SIGMOD Conference,1994
71408,conf/sigmod/Ubell94,The Montage Extensible DataBlade Achitecture,M Ubell,SIGMOD Conference,1994
71416,conf/vldb/KornSFSP96,Fast Nearest Neighbor Search in Medical Image Databases,"F Korn, N Sidiropoulos, C Faloutsos, E Siegel, Z Protopapas",VLDB,1996
71418,conf/vldb/ViverosNR96,Applying Data Mining Techniques to a Health Insurance Information System,"M Viveros, J Nearhos, M Rothman",VLDB,1996
71420,conf/vldb/BohlenSS96,Coalescing in Temporal Databases,"M Böhlen, R Snodgrass, M Soo",VLDB,1996
71424,conf/vldb/MeoPC96,A New SQL-like Operator for Mining Association Rules,"R Meo, G Psaila, S Ceri",VLDB,1996
71425,conf/sigmod/Carey94,Parallel Database Systems in the 1990's,M Carey,SIGMOD Conference,1994
71427,conf/sigmod/Cattell94,ODMG-93: A Standard for Object-Oriented DBMSs,R Cattell,SIGMOD Conference,1994
71428,conf/vldb/LabioG96,Efficient Snapshot Differential Algorithms for Data Warehousing,"W Labio, H Garcia-Molina",VLDB,1996
71432,conf/sigmod/LaursenOP94,Oracle Media Server: Providing Consumer Based Interactive Access to Multimedia Data,"A Laursen, J Olkin, M Porter",SIGMOD Conference,1994
71434,conf/vldb/FaloutsosG96,Analysis of n-Dimensional Quadtrees using the Hausdorff Fractal Dimension,"C Faloutsos, V Gaede",VLDB,1996
71437,conf/vldb/ChaudhuriS96,Optimization of Queries with User-defined Predicates,"S Chaudhuri, K Shim",VLDB,1996
71443,conf/vldb/BerchtoldKK96,The X-tree : An Index Structure for High-Dimensional Data,"S Berchtold, D Keim, H Kriegel",VLDB,1996
71446,conf/vldb/CareyD96,Of Objects and Databases: A Decade of Turmoil,"M Carey, D DeWitt",VLDB,1996
71447,journals/sigmod/Snodgrass03c,Developments at ACM TODS,R Snodgrass,SIGMOD Record,2003
71451,conf/sigmod/TheodoulidisAACKS94,The ORES Temporal Database Management System,"B Theodoulidis, A Ait-Braham, G Andrianopoulos, J Chaudhary, G Karvelis, S Sou",SIGMOD Conference,1994
71453,conf/vldb/Mohan96,DWMS: Data Warehouse Management System,N Mohan,VLDB,1996
71457,conf/sigmod/MissikoffT94,MOSAICO - A System for Conceptual Modeling and Rapid Prototyping of Object-Oriented Database Application,"M Missikoff, M Toiati",SIGMOD Conference,1994
71458,conf/vldb/Sheth96,Bellcore's ADAPT/X Harness System for Managing Information on Internet and Intranets,A Sheth,VLDB,1996
71459,conf/vldb/Klots96,Cache Coherency in Oracle Parallel Server,B Klots,VLDB,1996
71461,conf/vldb/Padmanabhan96,Extracting Large Data Sets using DB2 Parallel Edition,S Padmanabhan,VLDB,1996
71464,conf/vldb/LeeL96,Further Improvements on Integrity Constraint Checking for Stratifiable Deductive Databases,"S Lee, T Ling",VLDB,1996
71474,conf/vldb/ChristodoulakisTZ97,Principles of Optimally Placing Data in Tertiary Storage Libraries,"S Christodoulakis, P Triantafillou, F Zioga",VLDB,1997
71478,conf/vldb/ShaferA97,Parallel Algorithms for High-dimensional Similarity Joins for Data Mining Applications,"J Shafer, R Agrawal",VLDB,1997
71479,conf/vldb/WangYM97,STING: A Statistical Information Grid Approach to Spatial Data Mining,"W Wang, J Yang, R Muntz",VLDB,1997
71481,journals/sigmod/Wiegand03,"Review of Spatial databases with application to GIS by Philippe Rigaux, Michel Scholl, and Agnes Voisard. Morgan Kaufmann 2002",,,2003
71484,conf/vldb/SeshadriLR97,The Case for Enhanced Abstract Data Types,"P Seshadri, M Livny, R Ramakrishnan",VLDB,1997
71487,conf/vldb/BohannonLRSSS97,Logical and Physical Versioning in Main Memory Databases,"R Rastogi, S Seshadri, P Bohannon, D Leinbaugh, A Silberschatz, S Sudarshan",VLDB,1997
71489,journals/sigmod/Kumar03,Sensor: the atomic computing particle,V Kumar,SIGMOD Record,2003
71496,journals/sigmod/ChengP03,Managing uncertainty in sensor database,"R Cheng, S Prabhakar",SIGMOD Record,2003
71498,journals/sigmod/DemersGRTY03,The Cougar Project: a work-in-progress report,"A Demers, J Gehrke, R Rajaraman, A Trigoni, Y Yao",SIGMOD Record,2003
71501,conf/vldb/LiCHH97,Facilitating Multimedia Database Exploration through Visual Interfaces and Perpetual Query Reformulations,"W Li, K Candan, K Hirata, Y Hara",VLDB,1997
71507,conf/vldb/PoosalaI97,Selectivity Estimation Without the Attribute Value Independence Assumption,"V Poosala, Y Ioannidis",VLDB,1997
71510,journals/sigmod/Chamberlin03,2003 SIGMOD Innovations Award Speech,D Chamberlin,SIGMOD Record,2003
71511,journals/sigmod/Aberer03c,Guest editor's introduction,,,2003
71512,conf/vldb/DesslochM97,Integrating SQL Databases with Content-Specific Search Engines,"S Deßloch, N Mattos",VLDB,1997
71513,conf/vldb/GarofalakisOS97,Resource Scheduling in Enhanced Pay-Per-View Continuous Media Databases,"M Garofalakis, B Özden, A Silberschatz",VLDB,1997
71516,journals/sigmod/Giorgini03,Agent-Oriented software engineering report on the 4th AOSE workshop (AOSE 2003),,,2003
71531,conf/vldb/EicklerGK95,A Performance Evaluation of OID Mapping Techniques,"A Eickler, C Gerlhof, D Kossmann",VLDB,1995
71537,journals/sigmod/Jonsson03,In Memory of Gísli R. Hjaltason,,,2003
71543,conf/vldb/YanG95,Duplicate Removal in Information System Dissemination,"T Yan, H Garcia-Molina",VLDB,1995
71544,journals/sigmod/Winslett03b,Interview with Rakesh Agrawal,,,2003
71549,journals/sigmod/KoubarakisTID03,Selective information dissemination in P2P networks: problems and solutions,"M Koubarakis, C Tryfonopoulos, S Idreos, Y Drougas",SIGMOD Record,2003
71555,conf/vldb/Baru96,Performance of Future Database Systems: Bottlenecks and Bonananzas,C Baru,VLDB,1996
71561,conf/vldb/Raghavan96,Loading the Data Warehouse Across Various Parallel Architectures,V Raghavan,VLDB,1996
71563,journals/sigmod/WeikumSR03,"Report on the 10th Conference on Database Systems for Business, Technology, and the Web (BTW 2003)",,,2003
71565,conf/vldb/HanF95,Discovery of Multiple-Level Association Rules from Large Databases,"J Han, Y Fu",VLDB,1995
71570,conf/vldb/BassiliadesV95,A Non-Uniform Data Fragmentation Strategy for Parallel Main-Menory Database Systems,"N Bassiliades, I Vlahavas",VLDB,1995
71577,conf/vldb/AgrawalLSS95,"Fast Similarity Search in the Presence of Noise, Scaling, and Translation in Time-Series Databases","R Agrawal, K Lin, H Sawhney, K Shim",VLDB,1995
71578,journals/sigmod/CaleroPR03,Towards a database body of knowledge: a study from Spain,"C Calero, M Piattini, F Ruiz",SIGMOD Record,2003
71584,conf/vldb/BargaP95,A Practical and Modular Implementation of Extended Transaction Models,"R Barga, C Pu",VLDB,1995
71589,journals/sigmod/Vianu03,A Web odyssey: from codd to XML,V Vianu,SIGMOD Record,2003
71593,conf/vldb/BelussiF95,Estimating the Selectivity of Spatial Queries Using the `Correlation' Fractal Dimension,"A Belussi, C Faloutsos",VLDB,1995
71594,journals/sigmod/MukhopadhyayGS03,An approach to confidence based page ranking for user oriented Web search,"D Mukhopadhyay, D Giri, S Singh",SIGMOD Record,2003
71600,journals/sigmod/GottlobKP03,XPath Processing in a Nutshell,"G Gottlob, C Koch, R Pichler",SIGMOD Record,2003
71601,conf/vldb/DarFJST96,Semantic Data Caching and Replacement,"S Dar, M Franklin, B Jónsson, D Srivastava, M Tan",VLDB,1996
71603,journals/sigmod/BertinoEH03,A Database Approach to Quality of Service Specification in Video Databases,"E Bertino, A Elmagarmid, M Hacid",SIGMOD Record,2003
71609,journals/sigmod/ChakravarthyAEFO03,Database Research at UT Arlington,"S Chakravarthy, Y Aslandogan, R Elmasri, L Fegaras, J Oh",SIGMOD Record,2003
71610,conf/vldb/VermeerA96,The Role of Integrity Constraints in Database Interoperation,"M Vermeer, P Apers",VLDB,1996
71612,conf/vldb/PapadiasZMT03,Query Processing in Spatial Network Databases,"D Papadias, J Zhang, N Mamoulis, Y Tao",VLDB,2003
71614,conf/vldb/WangC03,Avoiding Ordering and Grouping In Query Processing,"X Wang, M Cherniack",VLDB,2003
71615,conf/vldb/HulgeriS03,AniPQO: Almost Non-intrusive Parametric Query Optimization for Nonlinear Cost Functions,"A Hulgeri, S Sudarshan",VLDB,2003
71616,conf/vldb/IlyasAE03,Supporting Top-k Join Queries in Relational Databases,"I Ilyas, W Aref, A Elmagarmid",VLDB,2003
71617,conf/vldb/PapadiasTS03,The TPR*-Tree: An Optimized Spatio-Temporal Access Method for Predictive Queries,"Y Tao, D Papadias, J Sun",VLDB,2003
71619,conf/vldb/AltinelBKMPR03,Cache Tables: Paving the Way for an Adaptive Database Cache,"M Altinel, C Bornhövd, S Krishnamurthy, C Mohan, H Pirahesh, B Reinwald",VLDB,2003
71621,conf/vldb/VieiraM03,A Dependability Benchmark for OLTP Application Environments,"M Vieira, H Madeira",VLDB,2003
71622,conf/vldb/ChaudhuriGN03,Primitives for Workload Summarization and Implications for SQL,"S Chaudhuri, P Ganesan, V Narasayya",VLDB,2003
71625,conf/vldb/AnciauxBP03,Memory Requirements for Query Execution in Highly Constrained Devices,"N Anciaux, L Bouganim, P Pucheral",VLDB,2003
71635,conf/vldb/MiklauS03,Controlling Access to Published Data Using Cryptography,"G Miklau, D Suciu",VLDB,2003
71636,conf/vldb/MeekPK03,OASIS: An Online and Accurate Technique for Local-alignment Searches on Biological Sequences,"C Meek, J Patel, S Kasetty",VLDB,2003
71641,conf/vldb/GalanisWJD03,Locating Data Sources in Large Distributed Systems,"L Galanis, Y Wang, S Jeffery, D DeWitt",VLDB,2003
71644,conf/vldb/WeberSNSS03,WebService Composition with O'GRAPE and OSIRIS,"R Weber, C Schuler, P Neukomm, H Schuldt, H Schek",VLDB,2003
71646,conf/vldb/HardingLM03,XISS/R: XML Indexing and Storage System using RDBMS,"P Harding, Q Li, B Moon",VLDB,2003
71654,conf/vldb/KerstenWFKBC03,A Database Striptease or How to Manage Your Personal Databases,"M Kersten, G Weikum, M Franklin, D Keim, A Buchmann, S Chaudhuri",VLDB,2003
71657,conf/vldb/Leymann03,Grid and Applications (Industrial Session),F Leymann,VLDB,2003
71662,conf/vldb/Baumann03,"Large-Scale, Standards-Based Earth Observation Imagery and Web Mapping Services",P Baumann,VLDB,2003
71664,conf/vldb/BouganimNPW03,Chip-Secured Data Access: Reconciling Access Rights with Data Encryption,"L Bouganim, F Ngoc, P Pucheral, L Wu",VLDB,2003
71671,conf/vldb/NieKH03,BibFinder/StatMiner: Effectively Mining and Using Coverage and Overlap Statistics in Data Integration,"Z Nie, S Kambhampati, T Hernandez",VLDB,2003
71672,conf/vldb/PetrovicBJ03,S-ToPSS: Semantic Toronto Publish/Subscribe System,"M Petrovic, I Burcea, H Jacobsen",VLDB,2003
71673,conf/vldb/NicklasGS03,"NexusScout: An Advanced Location-Based Application on a Distributed, Open Mediation Platform","D Nicklas, M Großmann, T Schwarz",VLDB,2003
71676,conf/vldb/EleftheriouBCDHLPPABDDDGJHLRSVW03,A Nanotechnology-based Approach to Data Storage,"E Eleftheriou, P Bächtold, G Cherubini, A Dholakia, C Hagleitner, T Loeliger, A Pantazi, H Pozidis, T Albrecht, G Binnig, M Despont, U Drechsler, U Dürig, B Gotsmann, D Jubin, W Häberle, M Lantz, H Rothuizen, R Stutz, P Vettiger, D Wiesmann",VLDB,2003
71678,conf/vldb/Shenker03,The Data-Centric Revolution in Networking,S Shenker,VLDB,2003
71687,conf/vldb/HalversonBKKRTVWND03,Mixed Mode XML Query Processing,"A Halverson, J Burger, L Galanis, A Kini, R Krishnamurthy, A Rao, F Tian, S Viglas, Y Wang, J Naughton, D DeWitt",VLDB,2003
71694,conf/vldb/YuPM03,Distributed Top-N Query Processing with Possibly Uncooperative Local Systems,"C Yu, G Philip, W Meng",VLDB,2003
71696,conf/vldb/KochBG03,Path Queries on Compressed XML,"P Buneman, M Grohe, C Koch",VLDB,2003
71703,conf/vldb/ZhouS03,Data Bubbles for Non-Vector Data: Speeding-up Hierarchical Clustering in Arbitrary Metric Spaces,"J Zhou, J Sander",VLDB,2003
71705,conf/vldb/HinneburgLH03,COMBI-Operator: Database Support for Data Mining Applications,"A Hinneburg, W Lehner, D Habich",VLDB,2003
71707,conf/vldb/TatbulCZCS03,Load Shedding in a Data Stream Manager,"N Tatbul, U Çetintemel, S Zdonik, M Cherniack, M Stonebraker",VLDB,2003
71708,conf/vldb/HammadFAE03,Scheduling for shared window joins over data streams,"M Hammad, M Franklin, W Aref, A Elmagarmid",VLDB,2003
71711,conf/vldb/HeMYW03,WISE-Integrator: An Automatic Integrator of Web Search Interfaces for E-Commerce,"H He, W Meng, C Yu, Z Wu",VLDB,2003
71719,conf/vldb/GaoS03,Temporal Slicing in the Evaluation of XML Queries,"D Gao, R Snodgrass",VLDB,2003
71724,conf/vldb/GolabO03,Processing Sliding Window Multi-Joins in Continuous Queries over Data Streams,"L Golab, M Özsu",VLDB,2003
71725,conf/vldb/CormodeKMS03,Finding Hierarchical Heavy Hitters in Data Streams,"G Cormode, F Korn, S Muthukrishnan, D Srivastava",VLDB,2003
71729,conf/vldb/IwerksSS03,Continuous K-Nearest Neighbor Queries for Continuously Moving Points with Updates,"G Iwerks, H Samet, K Smith",VLDB,2003
71731,conf/vldb/BlottK02,An Almost-Serial Protocol for Transaction Execution in Main-Memory Database Systems,"S Blott, H Korth",VLDB,2002
71733,conf/vldb/KarayannidisTSPMRFEB02,Processing Star Queries on Hierarchically-Clustered Fact Tables,"N Karayannidis, A Tsois, T Sellis, R Pieringer, V Markl, F Ramsak, R Fenk, K Elhardt, R Bayer",VLDB,2002
71740,conf/vldb/KornMS02,Reverse Nearest Neighbor Aggregates Over Data Streams,"F Korn, S Muthukrishnan, D Srivastava",VLDB,2002
71741,conf/vldb/ChanFFGR02,Tree Pattern Aggregation for Scalable XML Data Dissemination,"C Chan, W Fan, P Felber, M Garofalakis, R Rastogi",VLDB,2002
71756,conf/vldb/DagevilleZ02,SQL Memory Management in Oracle9i,"B Dageville, M Zaït",VLDB,2002
71758,conf/vldb/PanRAMOHAMV02,The Denodo Data Integration Platform,"A Pan, J Raposo, M Álvarez, P Montoto, V Orjales, J Hidalgo, L Ardao, A Molano, Á Viña",VLDB,2002
71760,conf/vldb/AlexandrovABBBCDFHJKKKLLMMMPNPPRRSSW02,OBK - An Online High Energy Physics' Meta-Data Repository,"I Alexandrov, A Amorim, E Badescu, M Barczyk, D Burckhart-Chromek, M Caprini, M Dobson, J Flammer, R Hart, R Jones, A Kazarov, S Kolos, V Kotov, D Liko, L Lucio, L Mapelli, M Mineev, L Moneta, I Papadopoulos, M Nassiakou, N Parrington, L Pedro, A Ribeiro,",VLDB,2002
71761,conf/vldb/IlyasAE02,Joining Ranked Inputs in Practice,"I Ilyas, W Aref, A Elmagarmid",VLDB,2002
71763,conf/vldb/KeidlSSK02,ServiceGlobe: Distributing E-Services Across the Internet,"M Keidl, S Seltzsam, K Stocker, A Kemper",VLDB,2002
71764,conf/vldb/ShengBDM02,SELF-SERV: A Platform for Rapid Composition of Web Services in a Peer-to-Peer Environment,"Q Sheng, B Benatallah, M Dumas, E Mak",VLDB,2002
71769,conf/vldb/King02,The Rubicon of Smart Data,R King,VLDB,2002
71771,conf/vldb/MahnkeMS02,Extending an ORDBMS: The StateMachine Module,"W Mahnke, C Mathis, H Steiert",VLDB,2002
71775,conf/vldb/LamKR02,RTMonitor: Real-Time Data Monitoring Using Mobile Agent Technologies,"K Lam, A Kwan, K Ramamritham",VLDB,2002
71777,conf/vldb/AgrawalSX02,Database Technologies for Electronic Commerce,"R Agrawal, R Srikant, Y Xu",VLDB,2002
71780,conf/vldb/GarofalakisG01,Approximate Query Processing: Taming the TeraBytes,"M Garofalakis, P Gibbons",VLDB,2001
71781,conf/vldb/LiuJ02,A-TOPSS - A Publish/Subscribe System Supporting Approximate Matching,"H Liu, H Jacobsen",VLDB,2002
71782,conf/vldb/SarawagiBKM02,ALIAS: An Active Learning led Interactive Deduplication System,"S Sarawagi, A Bhamidipaty, A Kirpal, C Mouli",VLDB,2002
71784,conf/vldb/HerlekarDRGS02,enTrans: A System for Flexible Consistency Maintenance in Directory Applications,"A Herlekar, A Deopujari, K Ramamritham, S Gopale, S Shukla",VLDB,2002
71786,conf/vldb/AbiteboulBMMW02,Active XML: Peer-to-Peer Data and Web Services Integration,"S Abiteboul, O Benjelloun, I Manolescu, T Milo, R Weber",VLDB,2002
71788,conf/vldb/StanoiRAA01,Discovery of Influence Sets in Frequently Updated Databases,"I Stanoi, M Riedewald, D Agrawal, A Abbadi",VLDB,2001
71791,conf/vldb/MadhavanBR01,Generic Schema Matching with Cupid,"J Madhavan, P Bernstein, E Rahm",VLDB,2001
71794,conf/vldb/CherniackFZ01,Data Management for Pervasive Computing,"M Cherniack, M Franklin, S Zdonik",VLDB,2001
71795,conf/vldb/KoudasS03,Data Stream Query Processing: A Tutorial,,,2003
71797,conf/vldb/CeriM03,"Constructing and integrating data-centric Web Applications: Methods, Tools, and Techniques",,,2003
71803,conf/vldb/Nori02,eBusiness Standards and Architectures,,,2002
71804,conf/vldb/GarofalakisG02,Querying and Mining Data Streams: You Only Get One Look,,,2002
71807,conf/vldb/Chakrabarti02,Searching and Mining Fine-Grained Semi-Structured Data,,,2002
71811,conf/vldb/AshwinGG02,Adaptable Similarity Search using Non-Relevant Information,"T Ashwin, R Gupta, S Ghosal",VLDB,2002
71822,conf/vldb/HulgeriS02,Parametric Query Optimization for Linear and Piecewise Linear Cost Functions,"A Hulgeri, S Sudarshan",VLDB,2002
71825,conf/vldb/LudascherMP02,A Transducer-Based XML Query Processor,"B Ludäscher, P Mukhopadhyay, Y Papakonstantinou",VLDB,2002
71827,conf/vldb/ChanGR02,RE-Tree: An Efficient Index Structure for Regular Expressions,"C Chan, M Garofalakis, R Rastogi",VLDB,2002
71830,conf/vldb/ChienVZTZ02,Efficient Structural Joins on Indexed XML Documents,"S Chien, Z Vagena, D Zhang, V Tsotras, C Zaniolo",VLDB,2002
71839,conf/vldb/TaoP02,Adaptive Index Structures,"Y Tao, D Papadias",VLDB,2002
71841,conf/vldb/IpeirotisG02,Distributed Search over the Hidden Web: Hierarchical Database Sampling and Selection,"P Ipeirotis, L Gravano",VLDB,2002
71843,conf/vldb/ChoALS02,Optimizing the Secure Evaluation of Twig Queries,"S Cho, S Amer-Yahia, L Lakshmanan, D Srivastava",VLDB,2002
71845,conf/vldb/PolyzotisG02,Structure and Value Synopses for XML Data Graphs,"N Polyzotis, M Garofalakis",VLDB,2002
71847,conf/vldb/Uhl02,A Bandwidth Model for Internet Search,A Uhl,VLDB,2002
71850,conf/vldb/BettiniJWW02,Provisions and Obligations in Policy Management and Security Applications,"C Bettini, S Jajodia, X Wang, D Wijesekera",VLDB,2002
71851,conf/vldb/AnanthakrishnaCG02,Eliminating Fuzzy Duplicates in Data Warehouses,"R Ananthakrishna, S Chaudhuri, V Ganti",VLDB,2002
71852,conf/vldb/KounevB02,Improving Data Access of J2EE Applications by Exploiting Asynchronous Messaging and Caching Services,"S Kounev, A Buchmann",VLDB,2002
71858,conf/vldb/PopaVMHF02,Translating Web Data,"L Popa, Y Velegrakis, R Miller, M Hernández, R Fagin",VLDB,2002
71859,journals/tods/AikenHW95,Static Analysis Techniques for Predicting the Behavior of Active Database Rules,"A Aiken, J Hellerstein, J Widom",ACM Trans. Database Syst.,1995
71860,journals/tods/Chen95,Declarative Updates of Relational Databases,W Chen,ACM Trans. Database Syst.,1995
71862,journals/tods/GoldmanL94,Quorum Consensus in Nested Transaction Systems,"K Goldman, N Lynch",ACM Trans. Database Syst.,1994
71866,journals/tods/GraefeC95,Fast Algorithms for Universal Quantification in Large Databases,"G Graefe, R Cole",ACM Trans. Database Syst.,1995
71873,journals/tods/ChenHM95,An Execution Model for Limited Ambiguity Rules and Its Application to Derived Data Update,"I Chen, R Hull, D McLeod",ACM Trans. Database Syst.,1995
71876,journals/tods/BellNNS96,Implementing Deductive Databases by Mixed Integer Programming,"C Bell, A Nerode, R Ng, V Subrahmanian",ACM Trans. Database Syst.,1996
71877,journals/tods/BunemanO96,Polymorphism and Type Inference in Database Programming,"P Buneman, A Ohori",ACM Trans. Database Syst.,1996
71878,journals/tods/BaralisCP96,Modularization Techniques for Active Rules Design,"E Baralis, S Ceri, S Paraboschi",ACM Trans. Database Syst.,1996
71879,journals/tods/GhandeharizadehHJ96,Heraclitus: Elevating Deltas to be First-Class Citizens in a Database Programming Language,"S Ghandeharizadeh, R Hull, D Jacobs",ACM Trans. Database Syst.,1996
71880,journals/tods/DeyS96,A Probabilistic Relational Model and Algebra,"D Dey, S Sarkar",ACM Trans. Database Syst.,1996
71883,journals/tods/RaschidL96,Semantics for Update Rule Programs and Implementations in a Relational Database Management System,"L Raschid, J Lobo",ACM Trans. Database Syst.,1996
71884,journals/tods/Kuo96,Model and Verification of a Data Manager Based on ARIES,D Kuo,ACM Trans. Database Syst.,1996
71885,journals/tods/CiacciaTZ96,Declustering of Key-Based Partitioned Signature Files,"P Ciaccia, P Tiberio, P Zezula",ACM Trans. Database Syst.,1996
71890,journals/tods/PetersO97,An Axiomatic Model of Dynamic Schema Evolution in Objectbase Systems,"R Peters, M Özsu",ACM Trans. Database Syst.,1997
71893,journals/vldb/AbadiCCCCLSTZ03,Aurora: a new model and architecture for data stream management,"D Abadi, D Carney, U Çetintemel, M Cherniack, C Convey, S Lee, M Stonebraker, N Tatbul, S Zdonik",VLDB J.,2003
71896,journals/vldb/RamamurthyDS03,A case for fractured mirrors,"R Ramamurthy, D DeWitt, Q Su",VLDB J.,2003
71897,journals/vldb/HelmerM03,A performance study of four index structures for set-valued attributes of low cardinality,"S Helmer, G Moerkotte",VLDB J.,2003
71900,journals/vldb/Li03,Computing complete answers to queries in the presence of limited access patterns,C Li,VLDB J.,2003
71901,journals/vldb/HalkidiNVV03,THESUS: Organizing Web document collections based on link semantics,"M Halkidi, B Nguyen, I Varlamis, M Vazirgiannis",VLDB J.,2003
71908,journals/tods/SalemGS94,Altruistic Locking,"K Salem, H Garcia-Molina, J Shands",ACM Trans. Database Syst.,1994
71909,journals/tods/CliffordC94,On Completeness of Historical Relational Query Languages,"J Clifford, A Croker, A Tuzhilin",ACM Trans. Database Syst.,1994
71910,journals/tods/TendickM94,A Modified Random Perturbation Method for Database Security,"P Tendick, N Matloff",ACM Trans. Database Syst.,1994
71911,journals/tods/OliverS94,A Taxonomy for Secure Object-Oriented Databases,"M Olivier, S Solms",ACM Trans. Database Syst.,1994
71914,journals/tods/Subrahmanian94,Amalgamating Knowledge Bases,V Subrahmanian,ACM Trans. Database Syst.,1994
71916,journals/tods/RosenthalR94,Tools and Transformations - Rigorous and Otherwise - for Practical Database Design,"A Rosenthal, D Reiner",ACM Trans. Database Syst.,1994
71918,journals/tods/ChrysanthisR94,Synthesis of Extended Transaction Models Using ACTA,"P Chrysanthis, K Ramamritham",ACM Trans. Database Syst.,1994
71924,journals/tods/ParsonsW00,Emancipating instances from the tyranny of classes in information modeling,"J Parsons, Y Wand",ACM Trans. Database Syst.,2000
71925,journals/tods/Bohm00,A cost model for query processing in high dimensional data spaces,C Böhm,ACM Trans. Database Syst.,2000
71929,journals/tods/DeySB99,Improving Database Design Through the Analysis of Relationships,"D Dey, V Storey, T Barron",ACM Trans. Database Syst.,1999
71930,journals/tods/MuralidharS99,Security of Random Data Perturbation Methods,"K Muralidhar, R Sarathy",ACM Trans. Database Syst.,1999
71931,journals/tods/DekhtyarRS01,"Probabilistic temporal databases, I: algebra","A Dekhtyar, R Ross, V Subrahmanian",ACM Trans. Database Syst.,2001
71939,journals/tods/LiC01,Answering queries with useful bindings,"C Li, E Chang",ACM Trans. Database Syst.,2001
71940,journals/tods/EiterLLS01,Probabilistic object bases,"T Eiter, J Lu, T Lukasiewicz, V Subrahmanian",ACM Trans. Database Syst.,2001
71941,journals/tods/Snodgrass01,Editorial,,,2001
71945,journals/tods/AndriesCPB01,Applying an update method to a set of receivers,"M Andries, L Cabibbo, J Paredaens, J Bussche",ACM Trans. Database Syst.,2001
71951,journals/tods/MamoulisP01,Multiway spatial joins,"N Mamoulis, D Papadias",ACM Trans. Database Syst.,2001
71955,journals/tods/FranklinCL97,Transactional Client-Server Cache Consistency: Alternatives and Performance,"M Franklin, M Carey, M Livny",ACM Trans. Database Syst.,1997
71967,journals/tods/StolboushkinT98,Safe Stratified Datalog with Integer Order Does Not Have Syntax,"A Stolboushkin, M Taitslin",ACM Trans. Database Syst.,1998
71971,journals/tods/KonopnickiS98,Information Gathering in the World-Wide Web: The W3QL Query Language and the W3QS System,"D Konopnicki, O Shmueli",ACM Trans. Database Syst.,1998
71975,journals/tods/CastanoAFP98,Conceptual Schema Analysis: Techniques and Applications,"S Castano, V Antonellis, M Fugini, B Pernici",ACM Trans. Database Syst.,1998
71980,journals/tods/Alagic99,Type-Checking OQL Queries In the ODMG Type Systems,S Alagic,ACM Trans. Database Syst.,1999
71984,journals/tods/GravanoGT99,GlOSS: Text-Source Discovery over the Internet,"L Gravano, H Garcia-Molina, A Tomasic",ACM Trans. Database Syst.,1999
71986,journals/tods/CasatiCPP99,Specification and Implementation of Exceptions in Workflow Management Systems,"F Casati, S Ceri, S Paraboschi, G Pozzi",ACM Trans. Database Syst.,1999
71987,journals/vldb/AslanM99,Semantic Heterogeneity Resolution in Federated Databases by Metadata Implantation and Stepwise Evolution,"G Aslan, D McLeod",VLDB J.,1999
71992,journals/vldb/PacittiS00,Update Propagation Strategies to Improve Freshness in Lazy Master Replicated Databases,"E Pacitti, E Simon",VLDB J.,2000
71993,journals/vldb/LawLG99,Efficient Support for Interactive Service in Multi-Resolution VOD Systems,"K Law, J Lui, L Golubchik",VLDB J.,1999
71994,journals/vldb/KrivokapicKG99,Deadlock Detection in Distributed Database Systems: A New Algorithm and a Comparative Performance Analysis,"N Krivokapic, A Kemper, E Gudes",VLDB J.,1999
71998,journals/vldb/JiangE98,Spatial and Temporal Content-Based Access to Hypervideo Databases,"H Jiang, A Elmagarmid",VLDB J.,1998
71999,journals/vldb/KabraD99,OPT++: An Object-Oriented Implementation for Extensible Database Query Optimization,"N Kabra, D DeWitt",VLDB J.,1999
72001,journals/vldb/BalkirO98,Delivering Presentations from Multimedia Servers,"N Balkir, G Özsoyoglu",VLDB J.,1998
72004,journals/vldb/GruserRZZ00,Learning Response Time for WebSources Using Query Feedback and Application in Query Optimization,"J Gruser, L Raschid, V Zadorozhny, T Zhan",VLDB J.,2000
72006,journals/vldb/BraumandlCKK00,Functional-Join Processing,"R Braumandl, J Claußen, A Kemper, D Kossmann",VLDB J.,2000
72009,journals/vldb/BerendtS00,Analysis of Navigation Behaviour in Web Sites Integrating Multiple Information Systems,"B Berendt, M Spiliopoulou",VLDB J.,2000
72011,journals/vldb/GeorgeH00,Secure Bufering in Firm Real-Time Database Systems,"B George, J Haritsa",VLDB J.,2000
72012,journals/vldb/MuthOPW00,The LHAM Log-Structured History Data Access Method,"P Muth, P O'Neil, A Pick, G Weikum",VLDB J.,2000
72014,journals/vldb/SheikholeslamiCZ00,WaveCluster: A Wavelet Based Clustering Approach for Spatial Data in Very Large Databases,"G Sheikholeslami, S Chatterjee, A Zhang",VLDB J.,2000
72018,journals/vldb/WidomS00,Foreword by the VLDB '98 PC Chairmen: Best Papers of VLDB '98,,,2000
72019,journals/vldb/HaasCLS97,Seeking the Truth About ad hoc Join Costs,"L Haas, M Carey, M Livny, A Shukla",VLDB J.,1997
72025,journals/vldb/MuckP97,A Configrable Type Hierarchy Index for OODB,"T Mück, M Polaschek",VLDB J.,1997
72027,journals/vldb/SinghalS97,Analysis of Locking Behavior in Three Real Database Systems,"V Singhal, A Smith",VLDB J.,1997
72028,journals/vldb/Antoshenkov97,Dictionary-Based Order-Preserving String Compression,G Antoshenkov,VLDB J.,1997
72031,journals/vldb/MehrotraKS97,Concurrency Control in Hierarchical Multidatabase Systems,"S Mehrotra, H Korth, A Silberschatz",VLDB J.,1997
72041,journals/vldb/SofferS98,Integrating Symbolic Images into a Multimedia Database System Using Classification and Abstraction Approaches,"A Soffer, H Samet",VLDB J.,1998
72044,journals/vldb/FahlR97,Query Processing Over Object Views of Relational Data,"G Fahl, T Risch",VLDB J.,1997
72048,journals/vldb/ScheuermannWZ98,Data Partitioning and Load Balancing in Parallel Disk Systems,"P Scheuermann, G Weikum, P Zabback",VLDB J.,1998
72050,journals/vldb/DesslochHMMT98,"Advanced Data Processing in KRISYS: Modeling Concepts, Implementation Techniques, and Client/Server Issues","S Deßloch, T Härder, N Mattos, B Mitschang, J Thomas",VLDB J.,1998
72053,journals/vldb/AguileraCMVV02,Views in a large-scale XML repository,"V Aguilera, S Cluet, T Milo, P Veltri, D Vodislav",VLDB J.,2002
72060,journals/vldb/RafieiM02,Efficient retrieval of similar shapes,"D Rafiei, A Mendelzon",VLDB J.,2002
72063,journals/vldb/MaratheS02,Query processing techniques for arrays,"A Marathe, K Salem",VLDB J.,2002
72065,journals/vldb/GrefenVA01,Global transaction support for workflow management systems: from formal specification to practical implementation,"P Grefen, J Vonk, P Apers",VLDB J.,2001
72069,journals/vldb/ShethTP03,Complex relationships and knowledge discovery support in the InfoQuilt system,"A Sheth, S Thacker, S Patel",VLDB J.,2003
72073,journals/vldb/CuiW03,Lineage tracing for general data warehouse transformations,"Y Cui, J Widom",VLDB J.,2003
72075,journals/vldb/ChanFGR02,Efficient filtering of XML documents with XPath expressions,"C Chan, P Felber, M Garofalakis, R Rastogi",VLDB J.,2002
72078,journals/vldb/JagadishACLNPPSWWY02,TIMBER: A native XML database,"H Jagadish, S Al-Khalifa, A Chapman, L Lakshmanan, A Nierman, S Paparizos, J Patel, D Srivastava, N Wiwatwattana, Y Wu, C Yu",VLDB J.,2002
72086,journals/vldb/BraumandlKKKKSS01,ObjectGlobe: Ubiquitous query processing on the Internet,"R Braumandl, M Keidl, A Kemper, D Kossmann, A Kreutz, S Seltzsam, K Stocker",VLDB J.,2001
72087,journals/vldb/BernsteinPS00,Context-based prefetch - an optimization for implementing objects on relations,"P Bernstein, S Pal, D Shutt",VLDB J.,2000
72090,journals/vldb/CombiP01,HMAP - A temporal data model managing intervals with different granularities and indeterminacy from natural language sentences,"C Combi, G Pozzi",VLDB J.,2001
72091,journals/vldb/ManegoldBK00,Optimizing database architecture for the new bottleneck: memory access,"S Manegold, P Boncz, M Kersten",VLDB J.,2000
72093,journals/vldb/ClaussenKKW00,Exploiting early sorting and early partitioning for decisionsupport query processing,"J Claußen, A Kemper, D Kossmann, C Wiesner",VLDB J.,2000
72095,journals/vldb/FuCCM00,Dynamic vp-Tree Indexing for n-Nearest Neighbor Search Given Pair-Wise Distances,"A Fu, P Chan, Y Cheung, Y Moon",VLDB J.,2000
72098,journals/vldb/RamanRH00,Online dynamic reordering,"V Raman, B Raman, J Hellerstein",VLDB J.,2000
72099,journals/vldb/LaurentLSV01,Monotonic complements for independent data warehouses,"D Laurent, J Lechtenbörger, N Spyratos, G Vossen",VLDB J.,2001
72101,journals/vldb/RahmB01,A survey of approaches to automatic schema matching,"E Rahm, P Bernstein",VLDB J.,2001
72105,journals/vldb/ChangG01,Approximate query mapping: Accounting for translation closeness,"K Chang, H Garcia-Molina",VLDB J.,2001
72115,journals/vldb/TsatalosSI96,The GMAP: A Versatile Tool for Physical Data Independence,"O Tsatalos, M Solomon, Y Ioannidis",VLDB J.,1996
72121,journals/vldb/FangGM96,An Experimental System for Object-Based Sharing in Federated Databases,"D Fang, S Ghandeharizadeh",VLDB J.,1996
72123,journals/vldb/BeckerGOSW96,An Asymptotically Optimal Multiversion B-Tree,"B Becker, S Gschwind, T Ohler, B Seeger, P Widmayer",VLDB J.,1996
72126,journals/vldb/MehtaD97,Data Placement in Shared-Nothing Parallel Database Systems,"M Mehta, D DeWitt",VLDB J.,1997
72128,journals/vldb/DeyBS96,A Complete Temporal Relational Algebra,"D Dey, T Barron, V Storey",VLDB J.,1996
72133,journals/vldb/WhiteD95,QuickStore: A High Performance Mapped Object Store,"S White, D DeWitt",VLDB J.,1995
72138,journals/vldb/AtkinsonM95,Orthogonally Persistent Object Systems,"M Atkinson, R Morrison",VLDB J.,1995
72139,journals/vldb/StonebrakerALPSSSY96,Mariposa: A Wide-Area Distributed Database System,"M Stonebraker, P Aoki, W Litwin, A Pfeffer, A Sah, J Sidell, C Staelin, A Yu",VLDB J.,1996
72144,journals/vldb/BarbaraI95,Sleepers and Workaholics: Caching Strategies in Mobile Environments,"D Barbará, T Imielinski",VLDB J.,1995
72145,journals/vldb/NybergBCGL95,AlphaSort: A Cache-Sensitive Parallel External Sort,"C Nyberg, T Barclay, Z Cvetanovic, J Gray, D Lomet",VLDB J.,1995
72146,journals/vldb/SwamiS95,Estimating Page Fetches for Index Scans with Finite LRU Buffers,"A Swami, K Schiefer",VLDB J.,1995
72150,journals/vldb/AgrawalAJL95,Ordered Shared Locks for Real-Time Databases,"D Agrawal, A Abbadi, R Jeffers, L Lin",VLDB J.,1995
72153,journals/vldb/PapadiasS94,Qualitative Representation of Spatial Knowledge in Two-Dimensional Space,"D Papadias, T Sellis",VLDB J.,1994
72158,journals/vldb/PeckhamMD95,Data Model for Extensible Support of Explicit Relationships in Design Databases,"J Peckham, B MacKellar, M Doherty",VLDB J.,1995
72159,journals/vldb/TempletonHMB95,InterViso: Dealing With the Complexity of Federated Database Access,"M Templeton, H Henley, E Maros, D Buer",VLDB J.,1995
72160,journals/vldb/GutingS95,Realm-Based Spatial Data Types: The ROSE Algebra,"R Güting, M Schneider",VLDB J.,1995
72168,journals/vldb/KamelWS94,A Pattern-Based Object Calculus,"N Kamel, P Wu, S Su",VLDB J.,1994
72170,journals/vldb/Sciore94,Versioning and Configuration Management in an Object-Oriented Data Model,E Sciore,VLDB J.,1994
72171,journals/vldb/LinJF94,The TV-Tree: An Index Structure for High-Dimensional Data,"K Lin, H Jagadish, C Faloutsos",VLDB J.,1994
72174,journals/vldb/Barbara-MillaG94,The Demarcation Protocol: A Technique for Maintaining Constraints in Distributed Database Systems,"D Barbará, H Garcia-Molina",VLDB J.,1994
72180,journals/sigmod/Snodgrass03a,TODS Reviewers,,,2003
72183,conf/vldb/BerckenS96,Query Processing Techniques for Multiversion Access Methods,"J Bercken, B Seeger",VLDB,1996
72186,journals/sigmod/WenLMZ03,A Multi-paradigm Querying Approach for a Generic Multimedia Database Management System,"J Wen, Q Li, W Ma, H Zhang",SIGMOD Record,2003
72188,conf/vldb/Suciu96,Query Decomposition and View Maintenance for Query Languages for Unstructured Data,D Suciu,VLDB,1996
72190,conf/vldb/LakshmananSS96,SchemaSQL - A Language for Interoperability in Relational Multi-Database Systems,"L Lakshmanan, F Sadri, I Subramanian",VLDB,1996
72192,conf/vldb/LevyRO96,Querying Heterogeneous Information Sources Using Source Descriptions,"A Levy, A Rajaraman, J Ordille",VLDB,1996
72194,conf/vldb/ShethKMWDLPLS96,Supporting State-Wide Immunisation Tracking Using Multi-Paradigm Workflow Technology,"A Sheth, K Kochut, J Miller, D Worah, S Das, C Lin, D Palaniswami, J Lynch, I Shevchenko",VLDB,1996
72195,conf/vldb/Kleewein96,Practical Issues with Commercial Use of Federated Databases,J Kleewein,VLDB,1996
72196,journals/sigmod/Ozsu02b,Chair's Message,,,2002
72205,journals/sigmod/AbererCH02,A Framework for Semantic Gossiping,"K Aberer, P Cudré-Mauroux, M Hauswirth",SIGMOD Record,2002
72207,conf/vldb/Hammond96,Using Referential Integrity To Easily Define Consistent Subset Replicas,B Hammond,VLDB,1996
72208,journals/sigmod/ShethM02,Amicalola Report: Database and Information System Research Challenges and Opportunities in Semantic Web and Enterprises,"A Sheth, R Meersman",SIGMOD Record,2002
72221,journals/sigmod/RossGN03,Reminiscences an Influential Papers,,,2003
72224,conf/vldb/RamakrishnanR96,Modeling Design Versions,"R Ramakrishnan, D Ram",VLDB,1996
